# Time-averaged data for fix observables
# TimeStep v_temperature v_pressure v_potential v_volume v_rho c_Q6
1000 0.574264 8.73238 -7.1397 3580.36 1.11757 0.468026
2000 0.911543 8.11566 -6.75177 3726.29 1.07357 0.453546
3000 1.00689 7.93779 -6.62942 3774.76 1.05969 0.448298
4000 1.0056 7.98244 -6.62544 3773.15 1.06013 0.448481
5000 0.997099 8.01089 -6.6433 3766.3 1.06205 0.449102
6000 0.996069 8.0199 -6.62816 3770.26 1.06094 0.448259
7000 1.00562 7.97075 -6.63058 3772.48 1.06031 0.448848
8000 0.999788 7.99782 -6.64036 3767.85 1.06162 0.448719
9000 1.00418 7.96416 -6.64377 3768.96 1.0613 0.448876
10000 1.00207 7.98944 -6.62541 3772.7 1.06025 0.448308
11000 1.00133 7.9917 -6.64062 3768.4 1.06146 0.449032
12000 0.998528 8.00253 -6.63663 3768.66 1.06139 0.448993
13000 1.00511 7.96779 -6.63138 3772.36 1.06034 0.448428
14000 0.994733 8.03113 -6.63113 3768.66 1.06139 0.448885
15000 1.00327 7.9808 -6.64135 3768.82 1.06134 0.448819
16000 1.00586 7.96793 -6.63236 3772.43 1.06032 0.448518
17000 0.996871 8.01386 -6.63512 3768.64 1.06139 0.44901
18000 0.999028 8.01647 -6.63349 3768.98 1.0613 0.448989
19000 1.00025 8.02876 -6.62282 3771.36 1.06063 0.448202
20000 1.00365 7.93332 -6.63929 3771.96 1.06046 0.448702
21000 0.993668 8.04205 -6.64192 3764.87 1.06246 0.449058
22000 1.00085 7.96749 -6.62893 3772.98 1.06017 0.448603
23000 0.993864 7.99065 -6.63368 3770.05 1.061 0.449038
24000 1.00648 8.11378 -6.62118 3767.92 1.06161 0.448435
25000 0.999262 7.89976 -6.6393 3773.52 1.06003 0.448608
26000 1.00262 8.00467 -6.63555 3769.44 1.06117 0.448811
27000 1.00873 7.99647 -6.62968 3771.5 1.06059 0.448424
28000 0.998601 7.95832 -6.63885 3770.5 1.06087 0.448547
29000 1.00413 8.0185 -6.63002 3770.07 1.06099 0.448822
30000 1.00356 7.96665 -6.64275 3769.14 1.06125 0.449003
31000 1.00111 8.02489 -6.62209 3772.05 1.06043 0.448099
32000 1.00529 7.97896 -6.62265 3774.55 1.05973 0.448313
33000 0.996211 8.04305 -6.63138 3768.13 1.06153 0.44857
34000 0.999489 8.02315 -6.62984 3769.66 1.0611 0.44892
35000 0.99401 7.99911 -6.63453 3769.24 1.06122 0.448816
36000 1.00207 8.00376 -6.63115 3770.47 1.06088 0.448506
37000 0.997936 7.97394 -6.64353 3768.4 1.06146 0.449242
38000 0.994128 8.04065 -6.63571 3766.73 1.06193 0.448753
39000 1.00222 7.95595 -6.62965 3773.51 1.06002 0.448667
40000 1.00231 8.01374 -6.63296 3769.22 1.06123 0.448665
41000 1.002 8.02525 -6.63493 3768.27 1.06151 0.44943
42000 0.997691 7.91876 -6.63946 3772.49 1.06032 0.44866
43000 1.00955 8.01689 -6.62724 3771.31 1.06064 0.448465
44000 0.990182 8.00941 -6.63982 3766.97 1.06186 0.449195
45000 1.00862 7.96083 -6.62662 3774.51 1.05974 0.448426
46000 0.994449 8.0626 -6.62863 3767.61 1.06168 0.449016
47000 0.987828 7.99924 -6.6488 3764.77 1.06248 0.449538
48000 1.00051 8.00102 -6.62869 3771.2 1.06067 0.448771
49000 1.00088 8.00154 -6.63123 3770.79 1.06079 0.448452
50000 1.00346 8.00442 -6.63029 3770.86 1.06077 0.448728
51000 1.01089 8.00455 -6.6274 3772.02 1.06045 0.44852
52000 1.00553 7.93305 -6.63735 3772.45 1.06032 0.448388
53000 0.995705 8.0129 -6.63617 3768.27 1.0615 0.448811
54000 1.00246 8.05885 -6.62375 3769.95 1.06103 0.44855
55000 0.998527 7.91449 -6.64078 3771.9 1.06048 0.448961
56000 1.00847 8.05607 -6.61659 3772.26 1.06038 0.448428
57000 0.997943 7.99816 -6.63679 3768.73 1.06137 0.448609
58000 0.991502 7.9621 -6.6459 3767.88 1.06161 0.449157
59000 1.00188 8.01062 -6.63765 3768.11 1.06154 0.448998
60000 1.0119 7.95661 -6.62328 3775.69 1.05941 0.448298
61000 0.995987 8.04404 -6.63337 3767.4 1.06174 0.448899
62000 1.00219 7.98308 -6.63381 3770.67 1.06082 0.44864
63000 0.998185 8.00894 -6.62744 3771.02 1.06072 0.448751
64000 0.987701 8.03088 -6.65148 3762.22 1.0632 0.449703
65000 1.00015 7.95503 -6.63271 3772.35 1.06035 0.448493
66000 1.00853 8.00778 -6.62176 3773.16 1.06012 0.448244
67000 1.00008 8.00247 -6.63339 3769.74 1.06108 0.448855
68000 1.00455 8.00621 -6.63014 3770.91 1.06076 0.44824
69000 1.00034 7.97226 -6.63981 3769.4 1.06118 0.448764
70000 0.987263 7.99488 -6.65214 3764.11 1.06267 0.449433
71000 0.999229 7.96892 -6.63538 3770.9 1.06076 0.448908
72000 1.00112 8.06048 -6.62854 3768.15 1.06153 0.44849
73000 0.997974 7.94531 -6.63631 3772.02 1.06044 0.448625
74000 0.995314 8.04923 -6.62357 3769.97 1.06102 0.448455
75000 0.992706 8.08497 -6.6274 3767.04 1.06185 0.448598
76000 1.00097 7.93337 -6.63001 3774.53 1.05974 0.448578
77000 0.999832 8.06432 -6.63466 3766.12 1.06211 0.448908
78000 1.00387 7.9906 -6.63255 3770.94 1.06075 0.448531
79000 1.00402 7.94165 -6.6402 3771.34 1.06064 0.448999
80000 1.00133 8.02898 -6.62386 3771.2 1.06067 0.448338
81000 0.985789 8.01303 -6.656 3762.02 1.06326 0.449485
82000 1.00354 7.93251 -6.63828 3772.26 1.06037 0.44871
83000 1.00966 7.99482 -6.62908 3771.89 1.06048 0.448495
84000 1.00256 7.95538 -6.64311 3769.61 1.06112 0.448886
85000 1.01029 7.97418 -6.63392 3771.74 1.06052 0.448402
86000 1.00218 7.96133 -6.63988 3770.16 1.06096 0.448793
87000 0.988346 8.06996 -6.63002 3766.56 1.06198 0.448772
88000 1.00499 7.94934 -6.63589 3772.14 1.06041 0.448462
89000 1.00009 8.00464 -6.6302 3770.5 1.06087 0.448646
90000 1.00638 7.99578 -6.63823 3769.19 1.06124 0.449081
91000 1.00211 8.03472 -6.6187 3772.33 1.06036 0.448245
92000 1.00028 7.92507 -6.63354 3773.69 1.05997 0.448348
93000 1.00255 8.04851 -6.63152 3767.92 1.0616 0.448602
94000 0.999327 7.96775 -6.63956 3769.8 1.06107 0.448983
95000 0.998595 7.96177 -6.64025 3769.78 1.06108 0.448991
96000 1.00044 8.07916 -6.62181 3769.04 1.06128 0.448297
97000 0.998192 7.94521 -6.64233 3770.15 1.06097 0.448891
98000 0.996604 8.03409 -6.63063 3768.85 1.06133 0.448454
99000 1.0057 8.00697 -6.62483 3772.37 1.06035 0.448276
100000 0.997801 7.99618 -6.62872 3771.17 1.06068 0.448284
101000 1.00204 8.00753 -6.63473 3769.27 1.06121 0.448953
102000 0.995037 8.01311 -6.64353 3766.15 1.06209 0.449187
103000 0.998945 7.96187 -6.63125 3772.38 1.06034 0.448419
104000 0.992483 8.06686 -6.62967 3767.26 1.06178 0.448734
105000 1.00819 7.97874 -6.63183 3772.06 1.06043 0.448925
106000 1.00314 7.98565 -6.62851 3772.19 1.06039 0.448356
107000 0.996153 8.02926 -6.62993 3768.88 1.06133 0.448693
108000 1.00085 8.00397 -6.62908 3771.1 1.0607 0.448675
109000 1.00436 7.97796 -6.63098 3772.08 1.06042 0.448645
110000 1.00124 7.97865 -6.6353 3770.59 1.06084 0.44861
111000 0.987694 8.05975 -6.63725 3764.96 1.06243 0.449274
112000 1.00406 7.98571 -6.62498 3773.35 1.06007 0.448335
113000 1.00367 7.97403 -6.62966 3772.56 1.06029 0.448462
114000 1.00548 7.99236 -6.63875 3769.1 1.06126 0.448833
115000 0.997444 8.04452 -6.63169 3767.76 1.06164 0.448695
116000 1.0041 7.97093 -6.62366 3774.39 1.05977 0.448451
117000 1.00286 7.99888 -6.61949 3774.07 1.05987 0.448227
118000 1.00037 8.02966 -6.63206 3768.71 1.06137 0.448503
119000 0.998589 7.99187 -6.6325 3770.38 1.0609 0.448416
120000 0.988623 8.00685 -6.64308 3766.05 1.06212 0.449374
121000 0.9984 8.01993 -6.64245 3766.28 1.06206 0.449381
122000 0.994899 7.98261 -6.62603 3772.71 1.06025 0.448463
123000 1.00187 8.01787 -6.62678 3770.99 1.06074 0.448183
124000 0.996129 8.06498 -6.62495 3768.52 1.06142 0.44835
125000 1.00362 8.00478 -6.62743 3771.63 1.06056 0.448354
126000 0.997781 7.97988 -6.62995 3771.91 1.06047 0.448534
127000 0.985399 8.04003 -6.64163 3764.59 1.06254 0.449121
128000 1.00192 8.00195 -6.64292 3767.18 1.06181 0.449084
129000 1.00516 7.97603 -6.62751 3773.03 1.06016 0.448631
130000 1.00171 7.97736 -6.62697 3773.07 1.06015 0.448173
131000 1.00101 8.02562 -6.6327 3768.85 1.06133 0.44873
132000 1.00434 8.00495 -6.62574 3772.09 1.06042 0.448407
133000 0.993382 7.98192 -6.63159 3770.75 1.0608 0.448576
134000 0.996017 8.02212 -6.63463 3768.13 1.06154 0.448919
135000 1.00112 8.02274 -6.63584 3768.18 1.06152 0.448766
136000 1.00287 7.9949 -6.62018 3774.19 1.05983 0.448433
137000 0.995291 8.07064 -6.61898 3770.13 1.06097 0.448206
138000 0.990845 7.94149 -6.6548 3766.39 1.06203 0.449767
139000 1.00109 8.0519 -6.62925 3768.54 1.06143 0.448863
140000 0.996501 8.00061 -6.63032 3770.66 1.06082 0.448383
141000 0.998726 8.01154 -6.62316 3772.33 1.06036 0.448526
142000 1.00539 8.03386 -6.62663 3770.18 1.06096 0.448516
143000 0.993954 7.95912 -6.63588 3770.88 1.06076 0.448655
144000 1.00906 8.04826 -6.63306 3767.75 1.06165 0.448742
145000 0.990959 7.9463 -6.64773 3768.12 1.06155 0.449247
146000 1.00424 7.95677 -6.63605 3771.73 1.06053 0.448778
147000 1.01098 8.02665 -6.61621 3774.16 1.05984 0.448331
148000 0.999064 8.02435 -6.62401 3771.42 1.06061 0.448405
149000 0.992341 8.00698 -6.63331 3769.27 1.06122 0.448783
150000 1.00123 8.03418 -6.62791 3769.68 1.0611 0.448554
151000 0.99116 8.04845 -6.6324 3767.22 1.06179 0.448748
152000 1.00152 7.98548 -6.62785 3772.44 1.06032 0.448232
153000 1.00455 8.02127 -6.6203 3772.77 1.06023 0.448284
154000 0.996074 7.99489 -6.6363 3769.08 1.06127 0.448757
155000 1.0019 8.01368 -6.63452 3768.79 1.06135 0.448709
156000 0.988525 7.99937 -6.63528 3768.8 1.06135 0.448807
157000 1.00407 8.06087 -6.61982 3770.7 1.06082 0.448318
158000 0.991608 7.98023 -6.63911 3769.01 1.06129 0.448854
159000 1.00317 7.97123 -6.63426 3771.41 1.06062 0.448583
160000 0.993798 8.09843 -6.63079 3765.13 1.06239 0.448763
161000 1.00248 7.92937 -6.62806 3775.23 1.05954 0.448394
162000 0.992899 8.03566 -6.64259 3764.98 1.06243 0.449351
163000 1.00954 8.02808 -6.61697 3773.82 1.05994 0.447873
164000 0.9902 7.99061 -6.63323 3770.12 1.06098 0.448432
165000 0.998711 8.05357 -6.62442 3769.61 1.06112 0.448507
166000 0.995039 7.99717 -6.64135 3767.55 1.0617 0.448848
167000 0.997719 7.967 -6.63685 3770.28 1.06093 0.448947
168000 0.999211 8.05625 -6.62875 3768.29 1.06149 0.448451
169000 1.0051 7.93646 -6.63287 3773.66 1.05998 0.448563
170000 1.00453 8.01152 -6.62669 3771.46 1.0606 0.448735
171000 1.00301 7.97827 -6.63519 3770.65 1.06083 0.448864
172000 1.01237 8.00436 -6.62888 3771.74 1.06052 0.448503
173000 0.996628 7.93074 -6.64075 3771.06 1.06071 0.448653
174000 1.00213 8.04371 -6.62526 3770.04 1.06101 0.448612
175000 1.00074 7.99304 -6.63691 3769.36 1.06119 0.449064
176000 0.993053 8.0013 -6.63353 3769.33 1.0612 0.448539
177000 1.00319 8.04775 -6.63278 3767.93 1.06159 0.449157
178000 1.00425 7.92008 -6.62871 3775.73 1.0594 0.448514
179000 0.994867 8.08278 -6.63428 3765.2 1.06236 0.448826
180000 1.00188 7.96919 -6.6323 3771.85 1.06049 0.448484
181000 0.992926 7.97322 -6.63346 3771.07 1.06071 0.448739
182000 1.0147 8.05526 -6.62727 3769.6 1.06113 0.448518
183000 0.996658 7.93229 -6.63766 3772.25 1.06038 0.448815
184000 0.997881 8.01107 -6.63236 3769.45 1.06117 0.448855
185000 0.993509 8.04304 -6.64195 3764.75 1.06249 0.449282
186000 1.00171 7.97535 -6.62207 3774.42 1.05977 0.448118
187000 0.994339 8.02343 -6.64536 3764.92 1.06244 0.449487
188000 0.998159 7.97557 -6.62936 3772.39 1.06034 0.448263
189000 1.01214 8.01181 -6.61948 3773.94 1.05991 0.448169
190000 1.00215 8.032 -6.62302 3771.53 1.06058 0.448421
191000 1.00412 7.94397 -6.63683 3772.08 1.06043 0.448698
192000 0.992393 7.9934 -6.65196 3764.58 1.06254 0.449418
193000 0.999923 8.01327 -6.63696 3768.02 1.06157 0.449028
194000 1.00439 7.98498 -6.62885 3772.25 1.06038 0.448523
195000 1.0057 7.99926 -6.62114 3773.77 1.05995 0.448314
196000 1.00539 7.9812 -6.62425 3773.85 1.05993 0.448305
197000 0.996254 8.063 -6.62911 3767.73 1.06166 0.448698
198000 1.00436 7.97839 -6.63646 3770.4 1.0609 0.448968
199000 1.00707 7.96828 -6.62799 3773.52 1.06002 0.448428
200000 1.00196 7.99904 -6.62785 3771.55 1.06057 0.448786
201000 1.00392 7.99182 -6.61945 3774.61 1.05972 0.448255
202000 1.00248 8.04947 -6.62848 3768.74 1.06136 0.448787
203000 0.99208 7.95246 -6.64311 3769.2 1.06125 0.449044
204000 0.999796 7.94828 -6.63644 3771.64 1.06055 0.449002
205000 1.00616 7.99024 -6.62491 3773.1 1.06014 0.448419
206000 0.998178 7.93272 -6.63814 3771.83 1.0605 0.448688
207000 0.995219 7.98894 -6.63384 3769.97 1.06102 0.448713
208000 0.992251 7.96796 -6.62743 3772.89 1.0602 0.448244
209000 0.99645 7.95709 -6.62673 3773.9 1.05991 0.448566
210000 0.998708 7.90981 -6.63758 3773.3 1.06008 0.448439
211000 1.00347 7.94064 -6.62749 3774.95 1.05962 0.448114
212000 0.99915 7.96019 -6.63379 3771.7 1.06054 0.448388
213000 0.993457 7.84901 -6.64402 3774.63 1.05971 0.448524
214000 1.00568 7.92952 -6.63186 3774.42 1.05977 0.448534
215000 1.00655 7.86217 -6.62563 3779.9 1.05823 0.448175
216000 0.98951 7.92365 -6.63132 3773.96 1.0599 0.448505
217000 1.00003 7.93399 -6.62047 3776.99 1.05905 0.44796
218000 1.00147 7.82227 -6.63829 3778.05 1.05875 0.448363
219000 0.997924 7.8632 -6.64185 3774.57 1.05973 0.448456
220000 1.00061 7.88496 -6.63488 3775.54 1.05945 0.448453
221000 0.998629 7.86334 -6.63052 3777.99 1.05877 0.448577
222000 0.996429 7.78887 -6.63781 3779.69 1.05829 0.448242
223000 0.991567 7.86903 -6.64211 3774.12 1.05986 0.448623
224000 0.99756 7.90149 -6.62952 3775.95 1.05934 0.448361
225000 1.00439 7.83773 -6.61234 3784.9 1.05684 0.447616
226000 1.00292 7.77059 -6.62698 3783.97 1.05709 0.448038
227000 1.00566 7.85663 -6.63266 3777.86 1.0588 0.448576
228000 0.995106 7.78713 -6.63497 3780.58 1.05805 0.448242
229000 0.997755 7.75082 -6.6387 3781.5 1.05778 0.448241
230000 1.00766 7.88028 -6.61743 3781.57 1.05778 0.447589
231000 1.00266 7.7102 -6.63447 3784.92 1.05683 0.448033
232000 1.00027 7.75173 -6.63769 3781.9 1.05767 0.448162
233000 1.00158 7.84632 -6.62457 3780.73 1.058 0.448129
234000 0.999553 7.6914 -6.63362 3786.18 1.05648 0.44836
235000 0.998839 7.8042 -6.62828 3781.6 1.05776 0.447872
236000 0.999758 7.72667 -6.63329 3784.13 1.05705 0.448315
237000 0.995029 7.7376 -6.64078 3781.22 1.05786 0.44891
238000 0.985931 7.82996 -6.63282 3778.23 1.0587 0.448235
239000 0.999268 7.6737 -6.63166 3787.81 1.05602 0.448019
240000 0.999733 7.7401 -6.62949 3784.92 1.05683 0.447629
241000 0.992073 7.78672 -6.62225 3784.31 1.057 0.447781
242000 0.991605 7.65703 -6.64419 3784.61 1.05692 0.448383
243000 1.00205 7.75143 -6.61835 3787.67 1.05606 0.44747
244000 0.991535 7.69852 -6.63624 3784.67 1.0569 0.44818
245000 0.998799 7.69022 -6.63289 3786.54 1.05638 0.448055
246000 1.00224 7.73606 -6.60967 3790.85 1.05518 0.44724
247000 0.991474 7.64936 -6.63505 3787.57 1.05609 0.447902
248000 1.0065 7.70427 -6.62745 3787.45 1.05613 0.447766
249000 0.993973 7.63255 -6.63486 3788.62 1.0558 0.447854
250000 1.0051 7.60996 -6.63333 3790.83 1.05518 0.447543
251000 0.994639 7.7305 -6.62691 3785.77 1.05659 0.447654
252000 1.00682 7.59833 -6.60898 3798.93 1.05293 0.44692
253000 0.99821 7.6808 -6.63227 3787 1.05625 0.448243
254000 0.996041 7.60481 -6.63555 3790.05 1.0554 0.447908
255000 1.00388 7.59532 -6.63108 3792.33 1.05476 0.447828
256000 1.00094 7.57284 -6.63604 3791.82 1.0549 0.447996
257000 0.99778 7.63367 -6.6348 3788.75 1.05576 0.448075
258000 0.994301 7.59423 -6.63361 3791.29 1.05505 0.448011
259000 0.998793 7.57828 -6.63084 3793.03 1.05457 0.447534
260000 0.99699 7.56767 -6.63183 3793.18 1.05453 0.447921
261000 0.996897 7.61195 -6.63422 3790.12 1.05538 0.448052
262000 0.997206 7.56051 -6.62982 3794.2 1.05424 0.447796
263000 0.998886 7.5959 -6.61679 3795.98 1.05375 0.447119
264000 1.00027 7.5935 -6.6146 3797.16 1.05342 0.446933
265000 0.996765 7.5471 -6.62749 3795.72 1.05383 0.447665
266000 1.00138 7.54801 -6.62452 3796.38 1.05364 0.447491
267000 0.996874 7.54731 -6.62371 3796.65 1.05356 0.447639
268000 0.994159 7.52198 -6.63449 3794.75 1.0541 0.44766
269000 0.996163 7.56569 -6.6233 3795.91 1.05377 0.447447
270000 1.01196 7.52255 -6.59753 3806.63 1.0508 0.446182
271000 0.999238 7.56674 -6.62099 3796.63 1.05357 0.447411
272000 0.997898 7.47025 -6.62457 3800.84 1.0524 0.4473
273000 1.00511 7.49726 -6.62092 3800.62 1.05246 0.447317
274000 0.99608 7.48063 -6.63892 3795.86 1.05378 0.448008
275000 1.00564 7.43002 -6.62419 3803.46 1.05167 0.447183
276000 0.989666 7.51668 -6.64818 3790.76 1.0552 0.448155
277000 1.00238 7.42076 -6.62544 3803.52 1.05166 0.447125
278000 1.00603 7.4577 -6.62356 3802.16 1.05204 0.447494
279000 0.998593 7.44618 -6.62536 3801.76 1.05214 0.446986
280000 1.0005 7.44497 -6.62177 3802.91 1.05183 0.446927
281000 0.997009 7.46687 -6.63284 3798.42 1.05307 0.447387
282000 0.995334 7.44788 -6.62664 3800.87 1.05239 0.447248
283000 1.00081 7.42256 -6.61037 3807.63 1.05053 0.446541
284000 1.00535 7.45939 -6.6231 3802.26 1.05201 0.446796
285000 0.999108 7.38912 -6.62571 3804.9 1.05129 0.446834
286000 1.00411 7.34262 -6.62174 3808.82 1.0502 0.447059
287000 1.00203 7.45117 -6.6296 3800.47 1.05251 0.447424
288000 1.00476 7.32673 -6.6243 3808.7 1.05023 0.446806
289000 1.00214 7.39587 -6.62694 3804.33 1.05144 0.447238
290000 1.00048 7.34796 -6.63408 3804.72 1.05133 0.44743
291000 0.994179 7.34792 -6.63185 3805.07 1.05123 0.44708
292000 1.00318 7.41629 -6.6201 3805.2 1.0512 0.446992
293000 1.00365 7.29867 -6.61948 3811.98 1.04933 0.446683
294000 1.00072 7.33716 -6.63902 3803.82 1.05158 0.447431
295000 1.01354 7.3424 -6.60937 3813.34 1.04895 0.4465
296000 1.00221 7.26641 -6.63652 3808.53 1.05028 0.447267
297000 1.00447 7.31267 -6.62807 3808.67 1.05024 0.446972
298000 0.99522 7.33021 -6.63209 3806.05 1.05096 0.447006
299000 1.00023 7.26149 -6.63114 3810.1 1.04984 0.447103
300000 0.998712 7.35211 -6.62453 3807.12 1.05066 0.446734
301000 1.00467 7.24005 -6.62444 3813.62 1.04888 0.44695
302000 0.995731 7.29723 -6.62065 3811.08 1.04957 0.447112
303000 1.00425 7.30031 -6.6228 3810.82 1.04965 0.446643
304000 0.999205 7.282 -6.61648 3813.41 1.04893 0.446282
305000 1.00535 7.24053 -6.6256 3813.46 1.04892 0.446819
306000 1.00735 7.24601 -6.62996 3811.68 1.04941 0.447086
307000 0.997825 7.27031 -6.61066 3815.84 1.04826 0.446105
308000 0.996998 7.23149 -6.62609 3813.1 1.04902 0.446767
309000 0.997964 7.28792 -6.61094 3814.63 1.0486 0.446336
310000 0.999806 7.21226 -6.63271 3812.38 1.04921 0.447195
311000 0.99639 7.22882 -6.63254 3811.46 1.04947 0.447221
312000 0.997874 7.24266 -6.61325 3816.35 1.04812 0.446342
313000 1.00483 7.17237 -6.6212 3818.54 1.04753 0.446489
314000 1.00256 7.23357 -6.61042 3818.03 1.04766 0.446152
315000 1.00784 7.22082 -6.60443 3820.82 1.0469 0.445715
316000 1.00048 7.19907 -6.62103 3816.59 1.04806 0.446655
317000 0.99863 7.16014 -6.62109 3818.53 1.04753 0.446471
318000 0.999647 7.20922 -6.62272 3815.7 1.04831 0.446609
319000 1.0012 7.16508 -6.62412 3817.75 1.04775 0.446604
320000 1.00304 7.18603 -6.61005 3821.22 1.04679 0.446048
321000 1.00083 7.16431 -6.60712 3822.88 1.04634 0.445722
322000 1.00223 7.13504 -6.6168 3821.42 1.04674 0.446588
323000 0.993833 7.19476 -6.61927 3817.02 1.04794 0.446395
324000 0.999952 7.13239 -6.62378 3819.45 1.04727 0.446536
325000 0.996012 7.11775 -6.62827 3818.73 1.04747 0.446513
326000 0.995617 7.11366 -6.62543 3819.84 1.04717 0.446434
327000 1.00528 7.07921 -6.63264 3820.01 1.04713 0.446927
328000 0.999928 7.10194 -6.62933 3819.64 1.04722 0.44677
329000 1.00595 7.0379 -6.62289 3825.4 1.04564 0.446169
330000 1.00714 7.13042 -6.6031 3826.11 1.04546 0.445437
331000 1.00535 7.08055 -6.62203 3823.05 1.04629 0.44637
332000 0.987483 7.04376 -6.6348 3820.15 1.04709 0.446586
333000 1.00063 7.11247 -6.61223 3824.38 1.04593 0.445715
334000 0.996692 7.09553 -6.61593 3823.52 1.04616 0.445965
335000 0.995635 6.98134 -6.62515 3827.47 1.04508 0.44577
336000 1.00804 7.10791 -6.61204 3824.83 1.04581 0.446121
337000 1.00511 7.01976 -6.62211 3826.72 1.04528 0.446242
338000 0.994235 7.02452 -6.61948 3826.42 1.04537 0.446039
339000 0.999574 7.07205 -6.62523 3822.43 1.04646 0.446378
340000 1.00588 6.94976 -6.62976 3828.08 1.04491 0.446286
341000 0.99994 7.01168 -6.60466 3832.13 1.04381 0.44541
342000 0.998766 7.03413 -6.63496 3821.39 1.04674 0.446711
343000 1.0027 6.97628 -6.60747 3833.32 1.04348 0.445025
344000 0.99831 7.02739 -6.61655 3827.18 1.04516 0.446246
345000 1.00664 6.94536 -6.62714 3829.23 1.0446 0.446189
346000 0.993254 6.95382 -6.63077 3827.16 1.04517 0.446274
347000 1.00248 7.0085 -6.62081 3827.59 1.04505 0.445826
348000 1.00311 6.95458 -6.59661 3837.69 1.04229 0.445056
349000 0.995462 7.01904 -6.61384 3828.62 1.04476 0.445825
350000 0.993885 6.9483 -6.63238 3826.72 1.04529 0.446531
351000 1.00033 6.87698 -6.62641 3833.01 1.04357 0.446046
352000 1.00287 6.89409 -6.62215 3833.51 1.04344 0.445495
353000 1.0017 6.98334 -6.61885 3829.54 1.04451 0.446029
354000 0.99424 6.93251 -6.61133 3834.16 1.04325 0.445068
355000 0.995695 6.88797 -6.63169 3830.55 1.04424 0.446463
356000 1.00131 6.94992 -6.61404 3832.78 1.04363 0.445525
357000 0.985036 6.97804 -6.61848 3828.9 1.04469 0.446139
358000 1.00493 6.81391 -6.61786 3839.31 1.04186 0.445026
359000 0.997299 6.90959 -6.61507 3834.2 1.04325 0.44525
360000 1.01017 6.88517 -6.60487 3839.7 1.04176 0.445186
361000 1.00456 6.86373 -6.61382 3837.7 1.04229 0.44548
362000 0.992766 6.8619 -6.61821 3835.9 1.04279 0.445671
363000 1.00748 6.86445 -6.61807 3836.84 1.04253 0.44582
364000 1.00551 6.81708 -6.62314 3837.64 1.04231 0.445852
365000 0.988607 6.85395 -6.62757 3833.23 1.04351 0.445778
366000 1.00056 6.82897 -6.61237 3839.92 1.04169 0.44541
367000 0.996016 6.82517 -6.61187 3840.15 1.04163 0.44519
368000 1.00115 6.85801 -6.61867 3836.42 1.04264 0.445859
369000 0.994029 6.84873 -6.62925 3833.47 1.04345 0.446212
370000 0.998354 6.75023 -6.6209 3841.44 1.04128 0.445823
371000 0.998889 6.77241 -6.62083 3840.67 1.04149 0.445768
372000 1.00759 6.82746 -6.6078 3841.99 1.04113 0.445013
373000 0.994252 6.76568 -6.62684 3838.79 1.042 0.445874
374000 1.01278 6.73765 -6.60805 3847.03 1.03976 0.44494
375000 0.988839 6.85503 -6.61875 3835.96 1.04277 0.445492
376000 1.00387 6.70124 -6.607 3848.84 1.03928 0.4448
377000 0.991834 6.84359 -6.60376 3841.24 1.04133 0.445087
378000 0.997161 6.8056 -6.60476 3843.46 1.04073 0.444785
379000 1.00122 6.69941 -6.60769 3848.82 1.03928 0.444876
380000 1.00168 6.74206 -6.62168 3842.11 1.0411 0.445421
381000 1.00918 6.73185 -6.60397 3848.5 1.03937 0.444787
382000 0.988132 6.73296 -6.60968 3845.5 1.04018 0.444688
383000 1.00818 6.74256 -6.60606 3847.3 1.0397 0.444763
384000 0.999734 6.71777 -6.60868 3847.37 1.03967 0.444719
385000 0.998604 6.66359 -6.62037 3846.72 1.03985 0.445104
386000 1.00094 6.74586 -6.61424 3844.24 1.04052 0.445088
387000 1.0079 6.65426 -6.59987 3854.42 1.03777 0.444135
388000 1.00096 6.70111 -6.61584 3846.24 1.03998 0.445412
389000 0.992115 6.73996 -6.60855 3845.84 1.04009 0.444628
390000 0.996904 6.67947 -6.59719 3852.86 1.03819 0.444132
391000 1.00249 6.64786 -6.60436 3852.98 1.03816 0.444441
392000 0.995988 6.67721 -6.6168 3846.66 1.03986 0.445201
393000 1.00836 6.62339 -6.60186 3855.1 1.03759 0.444461
394000 0.99531 6.68267 -6.60911 3849.1 1.03921 0.444919
395000 1.00185 6.62374 -6.61329 3851.2 1.03864 0.444852
396000 0.995042 6.62702 -6.60455 3853.47 1.03803 0.444838
397000 1.00249 6.5884 -6.6143 3853.31 1.03808 0.444823
398000 1.00115 6.64965 -6.60649 3851.9 1.03845 0.444946
399000 0.992843 6.6817 -6.60282 3850.83 1.03874 0.444775
400000 1.00453 6.57954 -6.59624 3859.65 1.03637 0.443948
401000 0.99762 6.63057 -6.59041 3857.82 1.03686 0.444545
402000 0.996717 6.60637 -6.60704 3854.3 1.0378 0.444498
403000 1.00518 6.5899 -6.60159 3857.11 1.03705 0.4442
404000 0.9994 6.53655 -6.61649 3855.57 1.03747 0.444644
405000 0.994824 6.61142 -6.60699 3853.51 1.03802 0.444868
406000 1.00149 6.56789 -6.60323 3857.69 1.03689 0.44467
407000 1.00582 6.49241 -6.61173 3860.09 1.03625 0.444711
408000 1.01338 6.52515 -6.59909 3862.1 1.03571 0.444254
409000 0.993269 6.57936 -6.61176 3853.96 1.0379 0.444802
410000 0.996271 6.52074 -6.59091 3864.27 1.03513 0.443659
411000 0.99593 6.57945 -6.61224 3853.9 1.03791 0.444886
412000 1.00114 6.55331 -6.5941 3861.62 1.03584 0.444146
413000 0.996554 6.45833 -6.61418 3860.44 1.03616 0.444553
414000 1.00633 6.54642 -6.59993 3860.47 1.03615 0.443988
415000 1.00435 6.49347 -6.59925 3863.81 1.03526 0.444177
416000 0.993992 6.45203 -6.60938 3862.12 1.0357 0.444401
417000 1.00126 6.45041 -6.6181 3860.04 1.03627 0.444947
418000 1.00155 6.51128 -6.60369 3861.06 1.03598 0.444358
419000 1.00148 6.46426 -6.5972 3865.59 1.03477 0.443907
420000 1.00051 6.44982 -6.59903 3865.8 1.03472 0.443966
421000 0.99819 6.47827 -6.60882 3860.92 1.03603 0.444569
422000 1.00493 6.44489 -6.60538 3864.54 1.03505 0.444217
423000 1.00354 6.47143 -6.58887 3868.3 1.03405 0.44365
424000 0.997941 6.40875 -6.6033 3867.02 1.0344 0.443998
425000 0.99609 6.47746 -6.5922 3865.95 1.03468 0.443804
426000 0.995312 6.48397 -6.60333 3862.39 1.03565 0.444257
427000 0.992933 6.413 -6.60409 3865.82 1.03472 0.444263
428000 0.998678 6.37568 -6.59583 3870.86 1.03337 0.443669
429000 0.999328 6.39176 -6.61881 3862.85 1.03551 0.444523
430000 0.993481 6.40342 -6.60456 3866.42 1.03455 0.44387
431000 0.998398 6.42617 -6.5914 3869.54 1.03372 0.443415
432000 0.996076 6.38688 -6.60464 3867.67 1.03422 0.443935
433000 1.00873 6.38502 -6.58633 3874.13 1.03249 0.443416
434000 1.00313 6.30679 -6.60726 3871.64 1.03316 0.443874
435000 0.987566 6.38829 -6.61056 3865.05 1.03492 0.444663
436000 1.00171 6.38548 -6.58908 3872.79 1.03285 0.443561
437000 1.00122 6.37445 -6.59941 3870.22 1.03353 0.443825
438000 1.00505 6.3062 -6.58907 3877.66 1.03155 0.443199
439000 0.999555 6.35352 -6.57776 3878.15 1.03142 0.442697
440000 1.00198 6.33467 -6.60858 3869.86 1.03363 0.444215
441000 0.992108 6.37169 -6.59681 3870.53 1.03345 0.443719
442000 1.00219 6.28783 -6.59215 3877.53 1.03159 0.443415
443000 0.997906 6.32897 -6.58288 3877.66 1.03155 0.443006
444000 1.00089 6.31397 -6.60011 3873.41 1.03268 0.443872
445000 1.00385 6.30014 -6.58398 3879.58 1.03105 0.443132
446000 0.999686 6.27309 -6.60106 3875.21 1.0322 0.443385
447000 1.00074 6.24724 -6.60967 3874.44 1.03241 0.443762
448000 1.00325 6.27181 -6.59485 3878.01 1.03146 0.443441
449000 1.00491 6.2378 -6.59059 3881.44 1.03055 0.442981
450000 1.0086 6.24575 -6.59911 3878.1 1.03143 0.443611
451000 1.00239 6.22884 -6.60119 3878.35 1.03138 0.443296
452000 0.998973 6.20869 -6.59087 3882.46 1.03028 0.44362
453000 0.995194 6.28921 -6.60536 3872.53 1.03292 0.443871
454000 1.00546 6.19338 -6.58178 3886.59 1.02918 0.442542
455000 0.984476 6.26112 -6.5985 3875.88 1.03203 0.44358
456000 0.998977 6.23923 -6.58672 3881.76 1.03046 0.443321
457000 0.997008 6.19184 -6.59904 3880.4 1.03083 0.44339
458000 1.00339 6.20875 -6.58725 3883.87 1.0299 0.443117
459000 1.00382 6.16906 -6.58845 3885.73 1.02941 0.442789
460000 1.00263 6.20012 -6.59579 3881.56 1.03052 0.443375
461000 0.99712 6.21357 -6.58292 3884.62 1.02971 0.44263
462000 0.998233 6.14604 -6.60186 3882.6 1.03025 0.443103
463000 0.995154 6.1718 -6.58744 3885.32 1.02952 0.442605
464000 1.00919 6.13406 -6.58854 3888.23 1.02875 0.442504
465000 1.00582 6.11465 -6.60206 3884.84 1.02965 0.44337
466000 0.997729 6.13317 -6.59249 3886.22 1.02928 0.442893
467000 1.00005 6.15656 -6.58942 3885.95 1.02936 0.443012
468000 0.996575 6.14825 -6.60713 3880.97 1.03068 0.443577
469000 0.997435 6.10319 -6.59024 3888.81 1.0286 0.442891
470000 0.998148 6.07953 -6.59278 3889.57 1.0284 0.443165
471000 1.00379 6.16869 -6.58853 3885.82 1.02939 0.442786
472000 1.00271 6.10564 -6.5768 3893.23 1.02743 0.44255
473000 0.994082 6.06907 -6.58984 3890.99 1.02802 0.442786
474000 1.00145 6.1204 -6.58677 3889.29 1.02847 0.442743
475000 0.997452 6.11493 -6.58683 3889.42 1.02844 0.442788
476000 1.00363 6.02291 -6.58566 3895.52 1.02682 0.44188
477000 0.992151 6.11546 -6.60424 3883.27 1.03006 0.443193
478000 1.00235 6.01675 -6.57665 3898.74 1.02597 0.442306
479000 0.99927 6.06272 -6.59776 3889.12 1.02851 0.443105
480000 1.01089 6.07073 -6.58171 3894.42 1.02712 0.44214
481000 0.995053 5.99246 -6.59008 3895.6 1.02681 0.442785
482000 1.00382 6.01454 -6.59363 3893.38 1.02739 0.442747
483000 1.00664 6.03237 -6.5888 3894.29 1.02715 0.442682
484000 0.998219 5.98219 -6.5858 3897.6 1.02627 0.442355
485000 0.998041 5.98362 -6.60034 3892.66 1.02758 0.44289
486000 0.99739 6.00324 -6.59745 3892.64 1.02759 0.443202
487000 1.00615 5.97236 -6.58964 3897.56 1.02629 0.442684
488000 1.00834 5.94882 -6.59386 3897.55 1.02629 0.442607
489000 1.01197 5.92657 -6.59134 3899.79 1.0257 0.44225
490000 0.99743 5.95388 -6.57996 3900.97 1.02539 0.441815
491000 0.994432 5.94626 -6.61492 3889.98 1.02828 0.443808
492000 0.995607 5.96366 -6.58766 3897.65 1.02626 0.44252
493000 1.01283 5.90486 -6.58939 3901.92 1.02514 0.442342
494000 0.998703 5.96221 -6.58763 3898.13 1.02613 0.442619
495000 1.00752 5.93385 -6.57469 3904.88 1.02437 0.442097
496000 0.999462 5.90298 -6.58005 3904.27 1.02452 0.442031
497000 0.989567 5.94676 -6.60906 3891.48 1.02789 0.443518
498000 1.0073 5.87132 -6.58192 3905.92 1.02409 0.442282
499000 1.00088 5.90901 -6.58325 3902.91 1.02488 0.442176
500000 0.998672 5.95479 -6.57695 3901.91 1.02514 0.441935
501000 1.00093 5.83159 -6.58593 3906.73 1.02388 0.441967
502000 0.993816 5.90287 -6.60158 3897.08 1.02641 0.442932
503000 0.998144 5.88698 -6.5815 3904.72 1.0244 0.441937
504000 1.00526 5.86954 -6.57452 3908.46 1.02343 0.44163
505000 1.00054 5.88379 -6.58201 3904.81 1.02438 0.442176
506000 0.993634 5.87496 -6.58825 3903.14 1.02483 0.442395
507000 1.00481 5.82923 -6.57974 3909.23 1.02322 0.442026
508000 1.01314 5.82139 -6.55718 3917.59 1.02104 0.441006
509000 0.999141 5.87338 -6.58195 3905.61 1.02417 0.441784
510000 1.00662 5.88324 -6.56845 3909.74 1.02309 0.441162
511000 0.999704 5.76834 -6.58776 3910.17 1.02299 0.442387
512000 0.997621 5.77502 -6.59059 3908.57 1.0234 0.441852
513000 1.00772 5.85394 -6.57561 3909.2 1.02323 0.441743
514000 1.00012 5.77827 -6.58683 3910 1.02303 0.442276
515000 0.996129 5.75778 -6.58967 3909.7 1.0231 0.44178
516000 1.00453 5.81999 -6.56355 3914.79 1.02177 0.441289
517000 0.991269 5.80943 -6.58077 3909.09 1.02326 0.441837
518000 1.0028 5.71416 -6.57956 3915.79 1.02151 0.441853
519000 0.992593 5.81629 -6.59442 3904.32 1.02452 0.442655
520000 0.998739 5.76356 -6.58128 3912.28 1.02243 0.44175
521000 0.997967 5.75753 -6.56442 3918.37 1.02084 0.440944
522000 1.00349 5.71941 -6.58419 3914.36 1.02188 0.441192
523000 1.00227 5.74877 -6.57549 3915.2 1.02166 0.441298
524000 0.999826 5.73016 -6.58152 3913.9 1.022 0.441738
525000 1.0015 5.73962 -6.55532 3922.49 1.01976 0.440513
526000 0.997401 5.76381 -6.58673 3910.36 1.02292 0.441841
527000 1.00771 5.65677 -6.56379 3925.34 1.01902 0.440755
528000 0.996165 5.70636 -6.57978 3916.01 1.02145 0.441406
529000 0.989592 5.75393 -6.57124 3915.58 1.02156 0.441368
530000 0.997754 5.7149 -6.57362 3917.77 1.02101 0.441346
531000 0.99499 5.73489 -6.56295 3919.66 1.0205 0.440555
532000 0.991291 5.6199 -6.58054 3920.7 1.02023 0.441023
533000 0.998724 5.70119 -6.57433 3918.33 1.02086 0.441419
534000 1.00073 5.74329 -6.56163 3919.91 1.02044 0.440979
535000 1.0004 5.62856 -6.57924 3921.41 1.02005 0.441239
536000 1.00821 5.60574 -6.5635 3928.33 1.01825 0.44058
537000 0.994301 5.68827 -6.57522 3918.33 1.02084 0.441355
538000 1.00543 5.63532 -6.55283 3929.66 1.0179 0.440067
539000 0.987916 5.63886 -6.57014 3922.91 1.01965 0.441159
540000 1.00454 5.6453 -6.56813 3924.3 1.0193 0.440818
541000 0.998041 5.63284 -6.5717 3923.23 1.01957 0.440735
542000 0.998308 5.5715 -6.57356 3926.48 1.01873 0.440973
543000 1.00394 5.62217 -6.56207 3927.46 1.01847 0.4404
544000 1.00671 5.58834 -6.57805 3924.28 1.0193 0.441196
545000 0.993023 5.5138 -6.58682 3925.33 1.01904 0.441483
546000 0.999624 5.58868 -6.56715 3927.78 1.01839 0.440667
547000 1.00057 5.61323 -6.5736 3923.94 1.01939 0.441428
548000 1.00478 5.52929 -6.55714 3935.15 1.01648 0.440305
549000 0.997243 5.53428 -6.57789 3927.23 1.01853 0.440763
550000 1.00358 5.58533 -6.55544 3932.25 1.01723 0.44029
551000 1.00484 5.55441 -6.56731 3930.06 1.0178 0.440629
552000 0.997891 5.51752 -6.55643 3935.64 1.01636 0.440293
553000 0.996963 5.51277 -6.57027 3931.38 1.01746 0.440905
554000 1.01108 5.5151 -6.55822 3935.8 1.01633 0.440367
555000 1.00497 5.54573 -6.56108 3932.75 1.0171 0.440244
556000 0.998929 5.51967 -6.56281 3933.37 1.01695 0.440228
557000 0.998787 5.48584 -6.55277 3938.56 1.0156 0.43981
558000 1.00325 5.5007 -6.55961 3935.96 1.01628 0.440339
559000 0.999529 5.48593 -6.57246 3932.64 1.01713 0.440616
560000 0.999165 5.47967 -6.56464 3935.25 1.01645 0.440448
561000 1.00155 5.48629 -6.55889 3936.78 1.01606 0.440168
562000 0.993576 5.4914 -6.56455 3933.87 1.01682 0.440594
563000 1.00134 5.44534 -6.55482 3940.47 1.01511 0.439837
564000 1.0037 5.45075 -6.53579 3946.77 1.01349 0.439113
565000 1.00245 5.49541 -6.55763 3936.77 1.01607 0.440172
566000 1.0015 5.45983 -6.55552 3939.58 1.01534 0.440112
567000 0.993863 5.41124 -6.56561 3938.73 1.01556 0.440541
568000 1.00836 5.43151 -6.54321 3945.94 1.0137 0.439462
569000 0.999457 5.45005 -6.56355 3937.18 1.01596 0.440308
570000 0.990372 5.48266 -6.55914 3936.18 1.01622 0.440228
571000 1.00255 5.36619 -6.54837 3948.15 1.01314 0.439113
572000 1.00148 5.34917 -6.56507 3943.4 1.01435 0.43992
573000 1.00298 5.41235 -6.54625 3945.73 1.01376 0.439089
574000 1.00397 5.4013 -6.55855 3942.64 1.01455 0.440151
575000 1.0061 5.38527 -6.54271 3948.84 1.01296 0.439118
576000 1.00096 5.34871 -6.54694 3949.38 1.01282 0.439355
577000 0.996316 5.39131 -6.55985 3942.37 1.01462 0.439963
578000 1.00815 5.34414 -6.53872 3952.95 1.01191 0.4387
579000 1.00298 5.33932 -6.56019 3945.4 1.01384 0.439824
580000 1.00067 5.3484 -6.55004 3948.35 1.01309 0.439317
581000 0.99393 5.34291 -6.5666 3943.02 1.01445 0.440506
582000 0.996428 5.36151 -6.55978 3943.98 1.01421 0.440252
583000 1.00194 5.32722 -6.54072 3953.03 1.01189 0.439131
584000 1.00052 5.31406 -6.54838 3951.23 1.01234 0.439425
585000 0.997929 5.30692 -6.55639 3948.87 1.01296 0.439256
586000 0.996028 5.34973 -6.53725 3952.47 1.01203 0.438825
587000 0.997557 5.30307 -6.55137 3950.58 1.01251 0.439492
588000 1.00372 5.28232 -6.56322 3948.24 1.01312 0.439595
589000 1.00142 5.25604 -6.54912 3954.62 1.01148 0.439163
590000 0.993015 5.26216 -6.55111 3953.27 1.01183 0.439396
591000 1.0049 5.29513 -6.54874 3952.05 1.01214 0.439332
592000 1.00535 5.24882 -6.54678 3956.29 1.01105 0.439037
593000 0.999696 5.23714 -6.55232 3954.84 1.01142 0.439178
594000 0.995141 5.25896 -6.54425 3955.53 1.01124 0.439021
595000 1.0097 5.21163 -6.54365 3959.88 1.01014 0.438712
596000 0.998428 5.25698 -6.55289 3953.19 1.01184 0.439723
597000 1.0018 5.19924 -6.54645 3959.1 1.01033 0.438715
598000 1.00243 5.21154 -6.53361 3962.9 1.00937 0.438569
599000 0.991612 5.25943 -6.56213 3949.48 1.01279 0.440134
600000 0.999402 5.18771 -6.54095 3961.65 1.00968 0.438945
601000 1.00991 5.1474 -6.53848 3965.75 1.00864 0.438661
602000 1.00365 5.21585 -6.54778 3957.77 1.01067 0.439349
603000 1.00438 5.17137 -6.54463 3961.48 1.00973 0.438917
604000 0.994046 5.14794 -6.55707 3958.41 1.01051 0.439511
605000 1.0031 5.17812 -6.54442 3961.34 1.00976 0.438927
606000 1.00184 5.16746 -6.54754 3961.06 1.00983 0.439004
607000 0.994968 5.17218 -6.54414 3961.52 1.00971 0.438753
608000 0.995038 5.11948 -6.53341 3968.17 1.00803 0.438109
609000 1.00893 5.1316 -6.53647 3967.45 1.00822 0.438317
610000 1.00004 5.20265 -6.54005 3961.46 1.00973 0.4391
611000 0.993065 5.17457 -6.5461 3960.38 1.01001 0.438978
612000 0.99991 5.06612 -6.53783 3970.9 1.00734 0.438227
613000 0.993931 5.12621 -6.53667 3966.92 1.00834 0.438904
614000 0.996691 5.11959 -6.55443 3961.2 1.0098 0.439052
615000 1.00527 5.08386 -6.55556 3963.38 1.00924 0.439172
616000 1.00619 5.04631 -6.52486 3976.66 1.00587 0.437653
617000 1.00023 5.11084 -6.52666 3971.76 1.00711 0.438163
618000 1.00536 5.06908 -6.5404 3969.95 1.00757 0.438133
619000 0.999965 5.02768 -6.53818 3972.78 1.00685 0.438523
620000 0.991927 5.07228 -6.54749 3966.16 1.00854 0.438971
621000 0.999057 5.0917 -6.53528 3969.74 1.00762 0.438108
622000 1.00517 5.04739 -6.53007 3974.65 1.00638 0.437455
623000 0.995771 5.00224 -6.54469 3971.86 1.00709 0.438612
624000 0.993605 5.01265 -6.53684 3974.07 1.00653 0.437657
625000 1.00479 5.07585 -6.53429 3971.41 1.00721 0.438317
626000 1.00156 5.01592 -6.53941 3973.44 1.00669 0.438155
627000 0.993071 5.0517 -6.53373 3972.47 1.00693 0.438083
628000 1.00347 4.97722 -6.5255 3980.79 1.00483 0.43761
629000 1.00143 5.01939 -6.53721 3973.54 1.00666 0.438416
630000 1.00115 5.04053 -6.53411 3973.38 1.00671 0.438244
631000 1.00653 4.94963 -6.50862 3988.66 1.00285 0.436503
632000 0.994009 4.96984 -6.53906 3975.95 1.00605 0.438203
633000 0.996864 4.98063 -6.52494 3980.21 1.00497 0.437605
634000 0.99391 4.98378 -6.53836 3975.49 1.00617 0.43838
635000 0.995119 5.01095 -6.53439 3975.02 1.00629 0.437796
636000 1.00541 4.89246 -6.53617 3982.88 1.0043 0.437446
637000 0.995179 4.92814 -6.53285 3980.72 1.00485 0.437957
638000 1.00294 4.96689 -6.51153 3986.33 1.00343 0.437103
639000 0.993175 4.95425 -6.54309 3975.5 1.00616 0.438359
640000 1.01226 4.84116 -6.518 3992.75 1.00182 0.436918
641000 1.00294 4.9137 -6.54874 3976.94 1.0058 0.438229
642000 0.997841 4.97182 -6.51299 3984.79 1.00382 0.437041
643000 1.00753 4.87033 -6.53276 3985.83 1.00357 0.437453
644000 1.00993 4.83423 -6.51364 3994.92 1.00128 0.437053
645000 1.00102 4.86236 -6.53093 3986.22 1.00346 0.437586
646000 1.0032 4.89077 -6.51504 3989.92 1.00253 0.436735
647000 0.995856 4.90427 -6.53376 3982.01 1.00452 0.437582
648000 0.997138 4.86183 -6.51627 3991.06 1.00224 0.436831
649000 1.00486 4.85561 -6.51574 3992.36 1.00192 0.436824
650000 1.00913 4.85009 -6.51787 3991.82 1.00205 0.436821
651000 0.994066 4.84673 -6.52857 3987.56 1.00312 0.437311
652000 1.00471 4.81503 -6.5088 3997.23 1.00069 0.436189
653000 0.994344 4.88279 -6.53807 3982.04 1.00451 0.437913
654000 0.99758 4.83779 -6.4994 3998.78 1.00031 0.43615
655000 1.00249 4.81841 -6.52633 3990.69 1.00233 0.437828
656000 1.00354 4.83646 -6.50895 3995.89 1.00104 0.436844
657000 0.999377 4.77533 -6.5285 3992.67 1.00184 0.437351
658000 0.997214 4.80614 -6.52304 3992.55 1.00188 0.43692
659000 1.00666 4.73463 -6.51862 3999.08 1.00024 0.436522
660000 0.997426 4.77731 -6.5222 3994.28 1.00144 0.437001
661000 1.0076 4.77872 -6.5052 4001.26 0.999703 0.436367
662000 0.998007 4.79655 -6.51444 3995.98 1.00101 0.436328
663000 0.996959 4.78108 -6.51044 3998.51 1.00038 0.43654
664000 1.00344 4.71722 -6.51221 4002.59 0.999357 0.436924
665000 0.997755 4.76379 -6.52085 3996.08 1.00099 0.437053
666000 0.995179 4.73784 -6.52601 3995.77 1.00106 0.436978
667000 0.999172 4.73583 -6.50827 4002.1 0.999482 0.436056
668000 0.99658 4.76285 -6.51425 3998.41 1.0004 0.436751
669000 1.00541 4.72509 -6.50081 4006.27 0.998442 0.436302
670000 1.00003 4.68289 -6.50584 4006.55 0.998369 0.436457
671000 0.99859 4.74355 -6.52035 3997.65 1.00059 0.43697
672000 1.0006 4.73436 -6.49441 4007.48 0.998135 0.435742
673000 0.992673 4.6595 -6.52187 4002.32 0.999426 0.436376
674000 1.00544 4.66914 -6.51169 4005.95 0.998525 0.436245
675000 1.00537 4.67352 -6.50949 4006.69 0.998332 0.436661
676000 0.99219 4.64103 -6.52691 4001.57 0.999618 0.437237
677000 1.00115 4.65603 -6.50389 4009.31 0.997683 0.436261
678000 1.00401 4.66924 -6.50706 4007.61 0.998104 0.435894
679000 0.99959 4.72019 -6.50362 4005.06 0.998739 0.436163
680000 1.00053 4.59958 -6.50136 4014.02 0.996516 0.435788
681000 0.987854 4.64855 -6.50128 4009.86 0.997544 0.435643
682000 1.00355 4.6645 -6.49663 4011.57 0.997134 0.435812
683000 1.01072 4.6053 -6.50666 4012.05 0.997001 0.43603
684000 0.998623 4.58981 -6.51372 4010.4 0.997408 0.436391
685000 1.00269 4.55577 -6.52127 4010.07 0.997492 0.436506
686000 1.00754 4.63157 -6.48724 4017.48 0.995653 0.434696
687000 1.00181 4.59089 -6.49879 4015.72 0.996095 0.435555
688000 0.99947 4.56207 -6.50449 4015.33 0.996182 0.435707
689000 0.992933 4.59974 -6.5015 4013.37 0.996668 0.435855
690000 1.00287 4.61551 -6.48227 4019.85 0.995067 0.434912
691000 1.00528 4.53136 -6.51207 4014.72 0.996335 0.436127
692000 0.992959 4.54657 -6.50158 4017.24 0.995716 0.435371
693000 1.00663 4.58555 -6.48111 4022.81 0.994333 0.434994
694000 0.994704 4.55553 -6.51447 4012.01 0.997007 0.436271
695000 1.00601 4.49765 -6.48041 4028.78 0.99286 0.434983
696000 0.996294 4.55338 -6.50509 4015.85 0.996059 0.435701
697000 1.00009 4.56938 -6.49885 4017.18 0.995726 0.435526
698000 1.0059 4.53081 -6.48982 4023.33 0.994205 0.434918
699000 0.997332 4.47553 -6.49426 4024.95 0.993814 0.435254
700000 1.00218 4.4637 -6.50284 4022.83 0.994329 0.435409
701000 1.00086 4.5403 -6.49187 4021.75 0.994592 0.435383
702000 0.996047 4.50572 -6.48653 4025.37 0.993705 0.434874
703000 1.00045 4.45416 -6.50415 4022.83 0.994328 0.436106
704000 1.00161 4.47182 -6.49899 4023.56 0.994146 0.435236
705000 1.00663 4.45054 -6.47564 4033.62 0.991668 0.434241
706000 1.00221 4.46838 -6.49159 4026.45 0.993436 0.434901
707000 0.9972 4.46104 -6.50526 4022.05 0.99453 0.435859
708000 1.00337 4.37871 -6.49353 4032.13 0.992031 0.435153
709000 1.00136 4.4006 -6.51016 4024.28 0.993972 0.435825
710000 0.995381 4.4776 -6.49721 4023.24 0.994227 0.435317
711000 1.00326 4.37725 -6.49405 4031.92 0.992085 0.434752
712000 0.993326 4.40136 -6.50128 4026.63 0.993389 0.435459
713000 0.997797 4.37263 -6.48638 4034.17 0.991532 0.434675
714000 0.994005 4.42316 -6.5001 4025.78 0.993614 0.435819
715000 1.00078 4.42659 -6.48846 4030.17 0.992513 0.435308
716000 1.00752 4.35209 -6.4682 4043.53 0.989237 0.434083
717000 0.994756 4.44511 -6.48962 4028.34 0.992967 0.434736
718000 0.997149 4.37637 -6.48652 4033.92 0.991594 0.434478
719000 0.995784 4.35834 -6.47358 4040.12 0.99007 0.434163
720000 0.992693 4.41578 -6.48772 4030.82 0.992355 0.434745
721000 1.00014 4.38126 -6.47674 4037.3 0.990768 0.43385
722000 0.99093 4.35727 -6.4844 4036.01 0.991078 0.434449
723000 0.997063 4.31054 -6.4718 4043.98 0.989127 0.433641
724000 0.99427 4.36788 -6.49039 4033.51 0.991698 0.434567
725000 1.00214 4.38902 -6.47786 4037.3 0.990763 0.434148
726000 1.00712 4.31398 -6.46193 4048.24 0.988092 0.433299
727000 0.997166 4.28191 -6.47575 4044.94 0.988898 0.433771
728000 0.998013 4.28236 -6.47926 4043.26 0.989302 0.433816
729000 1.00285 4.32426 -6.48006 4040.72 0.989927 0.434584
730000 0.996504 4.31435 -6.48288 4039.97 0.990111 0.434191
731000 1.00465 4.24309 -6.46504 4051.26 0.987347 0.433451
732000 0.996726 4.29177 -6.47905 4042.91 0.989388 0.434687
733000 0.997591 4.28173 -6.48796 4040.38 0.99001 0.434357
734000 1.00236 4.28654 -6.45208 4053.85 0.986724 0.432766
735000 1.00398 4.2531 -6.47945 4045.58 0.988737 0.434173
736000 1.01449 4.1938 -6.44349 4064.24 0.984196 0.43219
737000 0.997861 4.27821 -6.48007 4043.34 0.989283 0.434294
738000 0.998443 4.22357 -6.47019 4050.84 0.987454 0.433458
739000 1.00096 4.2134 -6.46228 4054.77 0.986498 0.433042
740000 0.998557 4.24405 -6.47766 4046.59 0.988487 0.433778
741000 0.999644 4.2105 -6.46203 4054.79 0.986489 0.432952
742000 0.990361 4.23834 -6.47981 4046.24 0.988582 0.434049
743000 1.00142 4.21529 -6.45343 4058.21 0.98566 0.432729
744000 1.00245 4.151 -6.45825 4060.34 0.985142 0.432739
745000 0.996087 4.19864 -6.49527 4042.97 0.989377 0.434928
746000 1.0078 4.17262 -6.45048 4062.09 0.984718 0.432053
747000 0.996217 4.17735 -6.46591 4055.51 0.986316 0.433034
748000 1.00845 4.118 -6.46914 4059.28 0.9854 0.433503
749000 0.995905 4.17367 -6.47899 4050.95 0.987426 0.433768
750000 1.00147 4.12036 -6.45822 4062.26 0.984674 0.432647
751000 0.996423 4.14896 -6.46497 4057.81 0.985766 0.433055
752000 0.999873 4.19981 -6.45225 4059.32 0.985387 0.432611
753000 0.993144 4.20935 -6.45295 4058.01 0.985709 0.432436
754000 0.995125 4.10105 -6.4644 4061.46 0.984876 0.432858
755000 1.00288 4.08822 -6.45112 4067.46 0.983418 0.43244
756000 1.004 4.10304 -6.45275 4066.31 0.983697 0.432236
757000 1.00023 4.16511 -6.44876 4062.99 0.984504 0.431976
758000 0.999656 4.09473 -6.46434 4061.83 0.984782 0.433243
759000 1.00128 4.02547 -6.46171 4068.03 0.983278 0.432744
760000 0.995701 4.09012 -6.45394 4066.19 0.983725 0.432484
761000 1.00155 4.11665 -6.43844 4070.33 0.982727 0.43131
762000 1.00124 4.07917 -6.46406 4063.7 0.984325 0.432742
763000 1.00817 4.03103 -6.42837 4080.63 0.980241 0.431336
764000 1.00224 4.05825 -6.46774 4063.06 0.984481 0.432986
765000 1.00468 4.03772 -6.42929 4079.67 0.980473 0.431316
766000 0.997884 3.99086 -6.4573 4071.87 0.982351 0.432182
767000 1.00475 4.00208 -6.45407 4072.48 0.982217 0.432153
768000 1.00459 4.06611 -6.44368 4071.96 0.982332 0.43207
769000 0.998548 4.0445 -6.45252 4070.14 0.982771 0.432086
770000 0.992045 4.00882 -6.46503 4067.37 0.983455 0.432968
771000 1.00046 3.96318 -6.43843 4081.05 0.980144 0.431324
772000 1.00987 3.94661 -6.42999 4085.8 0.979012 0.431065
773000 0.993752 4.04649 -6.45785 4067.76 0.983349 0.432994
774000 1.00455 4.00559 -6.43429 4080.25 0.980334 0.430999
775000 0.99921 3.96972 -6.44911 4076.57 0.981224 0.431918
776000 1.00131 3.91664 -6.44785 4081.27 0.980088 0.431624
777000 1.00791 3.94189 -6.45695 4076.21 0.981307 0.432268
778000 1.00661 3.93881 -6.44326 4081.54 0.980027 0.431331
779000 0.99122 3.95801 -6.4423 4078.99 0.98064 0.431824
780000 1.00857 3.93476 -6.42186 4090.04 0.977989 0.430349
781000 0.987336 3.99967 -6.46193 4068.8 0.983098 0.433097
782000 0.999487 3.90732 -6.43312 4087.39 0.978634 0.431018
783000 0.99702 3.90288 -6.44001 4084.56 0.979297 0.43149
784000 0.990615 3.94017 -6.43465 4083.43 0.979581 0.431137
785000 1.00295 3.92963 -6.42033 4090.47 0.977885 0.430483
786000 0.999877 3.93307 -6.42441 4088.7 0.978306 0.430851
787000 0.993976 3.89316 -6.45096 4080.96 0.980172 0.432307
788000 0.996863 3.82792 -6.44731 4087.03 0.97871 0.431438
789000 1.00332 3.89328 -6.41653 4094.5 0.976922 0.430169
790000 0.991589 3.932 -6.44344 4081.03 0.980145 0.431524
791000 1.0105 3.81232 -6.40982 4103.52 0.974774 0.429972
792000 0.996162 3.89363 -6.43593 4086.66 0.978799 0.431092
793000 1.00323 3.83196 -6.4229 4097.19 0.976285 0.430286
794000 0.995092 3.84483 -6.43014 4092.24 0.977466 0.430831
795000 1.00044 3.85076 -6.43762 4089.65 0.978081 0.431147
796000 1.01018 3.76224 -6.41237 4106.75 0.974013 0.429411
797000 0.996485 3.84393 -6.43796 4089.37 0.97815 0.431392
798000 0.991044 3.83209 -6.42851 4093.56 0.977145 0.431071
799000 1.0075 3.82938 -6.40619 4103.79 0.974727 0.429362
800000 0.995931 3.8523 -6.40825 4100.06 0.975604 0.429966
801000 0.993815 3.78619 -6.42077 4100.23 0.975562 0.430381
802000 1.0038 3.81422 -6.41634 4100.43 0.975509 0.430316
803000 0.995919 3.81657 -6.41715 4099.7 0.975683 0.430141
804000 0.990177 3.76663 -6.44645 4091.71 0.977604 0.432167
805000 0.994077 3.74578 -6.41694 4104.5 0.974543 0.429942
806000 1.00457 3.69277 -6.42718 4105.44 0.974322 0.430508
807000 1.01118 3.73875 -6.41397 4107.56 0.973829 0.429855
808000 1.00502 3.74649 -6.42871 4100.87 0.975404 0.43029
809000 1.00988 3.67128 -6.40642 4115.19 0.972009 0.42918
810000 0.988116 3.75427 -6.4246 4100.37 0.975522 0.430419
811000 0.999699 3.78281 -6.40112 4108.53 0.973595 0.429549
812000 0.996902 3.70606 -6.41857 4107.09 0.973932 0.43008
813000 0.996035 3.69567 -6.42435 4105.51 0.974306 0.430341
814000 1.00169 3.71556 -6.40485 4112.07 0.972747 0.429172
815000 0.996495 3.73688 -6.41633 4105.92 0.974204 0.429576
816000 1.01215 3.6627 -6.37326 4129.13 0.968727 0.427352
817000 1.00139 3.68302 -6.42341 4107.12 0.973926 0.430018
818000 0.990118 3.72196 -6.39068 4115.97 0.971825 0.428437
819000 1.00041 3.66647 -6.41569 4111.34 0.972928 0.430184
820000 1.00347 3.67399 -6.37054 4128.79 0.968809 0.427674
821000 0.994481 3.69154 -6.42781 4104.6 0.974518 0.430675
822000 1.00045 3.62914 -6.39535 4121.62 0.970495 0.428652
823000 0.997273 3.62087 -6.41161 4116.44 0.971716 0.429451
824000 1.00174 3.6164 -6.39712 4121.86 0.970438 0.428745
825000 1.01088 3.61807 -6.37402 4132.04 0.968072 0.427533
826000 1.00258 3.65658 -6.40509 4116.55 0.971692 0.429303
827000 0.998027 3.5964 -6.41209 4117.15 0.971548 0.42967
828000 1.00003 3.55093 -6.39237 4128.9 0.968783 0.428286
829000 0.989962 3.64591 -6.41011 4114.2 0.972249 0.429228
830000 1.00101 3.64394 -6.39136 4122.9 0.970195 0.428346
831000 1.00214 3.57344 -6.39388 4126.89 0.969257 0.42828
832000 1.00773 3.58526 -6.37552 4134.04 0.967583 0.427251
833000 1.00228 3.56344 -6.38761 4130.03 0.968541 0.428343
834000 0.998582 3.52777 -6.39193 4130.63 0.968375 0.428275
835000 0.991759 3.58997 -6.41551 4116.32 0.971747 0.430037
836000 0.997839 3.52819 -6.38417 4133.26 0.967764 0.427715
837000 1.00193 3.56434 -6.37628 4134.73 0.967426 0.427838
838000 1.00102 3.54535 -6.38849 4130.45 0.968419 0.428381
839000 1.00838 3.49554 -6.37599 4140.7 0.966029 0.427194
840000 0.997498 3.5858 -6.38793 4127.89 0.96902 0.428534
841000 0.998403 3.52249 -6.39265 4131.15 0.968261 0.428153
842000 1.0058 3.44558 -6.37061 4145.99 0.964788 0.427013
843000 0.994313 3.53937 -6.38406 4133.09 0.9678 0.427547
844000 0.996357 3.52197 -6.38077 4135.58 0.967225 0.427184
845000 0.995476 3.50046 -6.38629 4134.56 0.96746 0.427807
846000 1.00073 3.48697 -6.38035 4138.4 0.966561 0.42717
847000 1.00449 3.4205 -6.37276 4147.32 0.964483 0.427122
848000 0.999058 3.44794 -6.37371 4144.13 0.965224 0.426928
849000 0.994619 3.4922 -6.37717 4138.62 0.966508 0.4276
850000 1.00971 3.47271 -6.36876 4145.09 0.965 0.427275
851000 1.00525 3.41411 -6.37543 4146.16 0.964759 0.427091
852000 0.991421 3.44929 -6.37573 4142.78 0.965538 0.427425
853000 1.0046 3.43869 -6.35513 4152.47 0.963285 0.426189
854000 0.991599 3.48144 -6.39423 4132.79 0.967874 0.42848
855000 1.00216 3.38377 -6.35818 4155.48 0.962592 0.426294
856000 1.00777 3.40205 -6.3729 4148.33 0.964246 0.427575
857000 0.999324 3.38942 -6.36418 4152.39 0.963321 0.426249
858000 1.00243 3.34726 -6.37028 4153.26 0.963102 0.426839
859000 0.9986 3.42902 -6.38104 4142.26 0.965661 0.428061
860000 1.00371 3.33571 -6.35139 4161.65 0.96116 0.426222
861000 0.995188 3.38284 -6.35749 4155.32 0.962624 0.426097
862000 0.99929 3.38701 -6.36492 4152.06 0.963386 0.426862
863000 1.00129 3.38415 -6.36266 4152.61 0.963255 0.426906
864000 0.997757 3.35926 -6.36297 4155.28 0.962635 0.426674
865000 0.997296 3.33204 -6.36033 4157.88 0.962034 0.426369
866000 1.00383 3.34835 -6.3283 4169.74 0.959297 0.424556
867000 0.997261 3.40364 -6.36137 4152.49 0.963279 0.426549
868000 0.994121 3.36256 -6.33654 4165.24 0.960329 0.425449
869000 0.993524 3.34265 -6.34099 4164.93 0.960405 0.425476
870000 0.997857 3.36306 -6.34833 4160.47 0.961452 0.425559
871000 1.00378 3.31891 -6.33804 4168.77 0.959527 0.425167
872000 0.997741 3.28777 -6.3431 4168.11 0.959669 0.425199
873000 0.991141 3.35098 -6.36213 4155.43 0.9626 0.426762
874000 1.00287 3.248 -6.33499 4174.68 0.958159 0.425012
875000 0.991511 3.34337 -6.34328 4163.82 0.960664 0.425549
876000 1.00201 3.2889 -6.33459 4172.25 0.95872 0.425091
877000 1.00062 3.26736 -6.34008 4171.05 0.958993 0.425066
878000 0.992397 3.26072 -6.36686 4161.14 0.961288 0.426882
879000 0.995298 3.22969 -6.34346 4172.46 0.958669 0.425295
880000 1.00263 3.23862 -6.33317 4176.71 0.957695 0.424305
881000 0.997255 3.27004 -6.34932 4167.28 0.959863 0.425418
882000 1.00034 3.26599 -6.34133 4170.9 0.959035 0.425079
883000 0.995876 3.22183 -6.33643 4175.69 0.957933 0.425313
884000 0.996806 3.20144 -6.32959 4180.48 0.956829 0.424864
885000 1.00109 3.17579 -6.31626 4187.63 0.955198 0.424044
886000 0.994284 3.27274 -6.33604 4171.99 0.958778 0.424861
887000 0.995968 3.19339 -6.35442 4171.12 0.958984 0.425971
888000 0.998421 3.19494 -6.31216 4188.53 0.955011 0.423326
889000 0.999718 3.24098 -6.31482 4184.2 0.955977 0.423641
890000 1.00358 3.1588 -6.28332 4204.18 0.951443 0.422213
891000 0.99954 3.20053 -6.31196 4188.54 0.95499 0.423545
892000 1.00124 3.12427 -6.30984 4195.63 0.953379 0.422826
893000 0.99829 3.09464 -6.32278 4192.25 0.954144 0.423163
894000 0.995986 3.16549 -6.33178 4182.51 0.956374 0.423814
895000 0.998195 3.19036 -6.31053 4189.69 0.954729 0.422867
896000 1.00256 3.15902 -6.29158 4200.07 0.952369 0.422613
897000 0.995998 3.1104 -6.30887 4196.37 0.953215 0.422854
898000 0.997388 3.11031 -6.3102 4196.35 0.953209 0.423357
899000 1.00095 3.10359 -6.30818 4198.11 0.952813 0.423629
900000 1.00397 3.11412 -6.30623 4197.82 0.952884 0.423092
901000 0.998011 3.11077 -6.30988 4195.91 0.953314 0.423068
902000 1.00326 3.03687 -6.3005 4206.73 0.950861 0.422433
903000 0.995532 3.06058 -6.31307 4198.53 0.952719 0.423493
904000 0.992772 3.14813 -6.2911 4200.64 0.952245 0.422261
905000 0.990406 3.07668 -6.29507 4204.38 0.9514 0.422206
906000 0.992508 3.06864 -6.32107 4194.4 0.953667 0.423554
907000 0.997337 3.06166 -6.30017 4204 0.951481 0.422387
908000 0.991452 3.1016 -6.28684 4206.06 0.951016 0.421759
909000 0.995071 3.05353 -6.31278 4198.9 0.95264 0.423255
910000 1.00958 2.98879 -6.28266 4217.71 0.94839 0.421363
911000 1.00026 3.02771 -6.28232 4214.3 0.949151 0.421826
912000 1.00189 3.02136 -6.28947 4212.08 0.949652 0.422267
913000 0.997873 2.98397 -6.29069 4214.22 0.949177 0.421963
914000 0.997276 2.99098 -6.2923 4212.78 0.949495 0.421719
915000 1.00867 2.96702 -6.28048 4220.56 0.947747 0.42122
916000 0.996968 3.03176 -6.2896 4210.52 0.950004 0.422249
917000 1.0034 2.98099 -6.27614 4220.39 0.947782 0.421383
918000 1.00004 2.95172 -6.27945 4221.7 0.947496 0.42157
919000 1.00413 2.93193 -6.27975 4224.09 0.946956 0.421426
920000 1.01129 2.92952 -6.26562 4230.12 0.945606 0.420405
921000 0.994409 2.96389 -6.3055 4209.11 0.950321 0.422497
922000 1.00173 2.90487 -6.25627 4235.19 0.944468 0.419928
923000 0.99734 2.99828 -6.2612 4225.55 0.94663 0.420002
924000 1.00976 2.87066 -6.22631 4252.05 0.940725 0.417586
925000 0.99992 2.92903 -6.26408 4230.22 0.945578 0.419772
926000 1.00032 2.93424 -6.25412 4234.03 0.944728 0.420011
927000 1.00232 2.93446 -6.26209 4231.13 0.94538 0.420681
928000 1.00313 2.85411 -6.24616 4244.41 0.942417 0.419013
929000 0.991308 2.92358 -6.25548 4233.61 0.944822 0.419812
930000 0.994002 2.89592 -6.26479 4231.67 0.945265 0.420483
931000 1.00393 2.89981 -6.24063 4242.54 0.942836 0.418674
932000 0.992768 2.89764 -6.28507 4222.92 0.947214 0.421301
933000 0.998042 2.83595 -6.24374 4246.14 0.942033 0.419246
934000 1.00028 2.85449 -6.29252 4224.56 0.946853 0.421839
935000 0.998462 2.82722 -6.25339 4242.87 0.942759 0.419471
936000 0.996062 2.86168 -6.26068 4236.71 0.944137 0.419711
937000 1.00015 2.84682 -6.24666 4244.13 0.94248 0.418603
938000 0.99098 2.86657 -6.27941 4228.05 0.946071 0.421388
939000 0.996455 2.83458 -6.23765 4248.72 0.941466 0.419066
940000 0.999829 2.80359 -6.26034 4241.43 0.94308 0.420418
941000 0.994185 2.84154 -6.23628 4248.73 0.941465 0.418416
942000 1.00097 2.83997 -6.24891 4244.59 0.942391 0.419525
943000 1.00294 2.79777 -6.25953 4242.76 0.942785 0.419871
944000 1.00909 2.76186 -6.25489 4247.98 0.941627 0.419855
945000 1.00588 2.72931 -6.23958 4257.11 0.93961 0.41878
946000 0.998169 2.77562 -6.24648 4250.17 0.941141 0.419477
947000 0.994746 2.79747 -6.25832 4243.22 0.942684 0.419651
948000 1.0058 2.77238 -6.23668 4255.12 0.940048 0.418491
949000 1.00304 2.72212 -6.24094 4257.13 0.939609 0.418873
950000 0.997745 2.72058 -6.24775 4253.95 0.940317 0.418844
951000 1.00458 2.74626 -6.23583 4257.48 0.939525 0.418498
952000 1.00303 2.75286 -6.19999 4272.56 0.936219 0.415694
953000 1.0065 2.75451 -6.21316 4266.64 0.93751 0.417192
954000 0.999561 2.71663 -6.25022 4253.33 0.940442 0.419247
955000 0.999673 2.68632 -6.23487 4262.87 0.938339 0.418278
956000 1.00229 2.71756 -6.21765 4267.43 0.937359 0.417954
957000 1.00138 2.73877 -6.21193 4267.75 0.937268 0.417267
958000 0.998039 2.71505 -6.23069 4261.5 0.93865 0.417927
959000 1.00861 2.68123 -6.20612 4275.54 0.935563 0.41662
960000 1.00296 2.67419 -6.23469 4263.61 0.938175 0.418293
961000 1.0007 2.64888 -6.19446 4283.6 0.933796 0.415716
962000 0.99561 2.68763 -6.21969 4268.41 0.937119 0.417686
963000 1.00204 2.66604 -6.21235 4274.33 0.935825 0.416925
964000 1.00025 2.66731 -6.21659 4271.49 0.936444 0.41751
965000 0.991562 2.64666 -6.24215 4262.34 0.938459 0.418982
966000 0.997926 2.60957 -6.1899 4289.15 0.932586 0.415406
967000 0.988504 2.6946 -6.24511 4256.08 0.939837 0.418788
968000 0.997565 2.59738 -6.20129 4284.36 0.933629 0.416385
969000 0.98658 2.66394 -6.23928 4261.48 0.938655 0.418425
970000 0.997104 2.58789 -6.21161 4280.58 0.934458 0.417152
971000 1.0097 2.5336 -6.1789 4301.06 0.93001 0.414744
972000 1.00232 2.61304 -6.21775 4276.52 0.935349 0.417255
973000 1.0018 2.60368 -6.16382 4301.46 0.929921 0.413914
974000 0.995584 2.60441 -6.18602 4291.5 0.932101 0.414816
975000 0.992287 2.54964 -6.23174 4275.02 0.935674 0.418522
976000 1.00201 2.536 -6.18828 4295.96 0.931109 0.414957
977000 0.997872 2.52758 -6.15231 4313.06 0.927421 0.412933
978000 0.989101 2.64077 -6.18945 4286.28 0.933211 0.415796
979000 0.997681 2.54996 -6.13255 4320.69 0.925781 0.411668
980000 1.00486 2.52835 -6.06056 4356.37 0.918214 0.406537
981000 1.00642 2.51349 -6.04442 4366.14 0.916145 0.405129
982000 0.978324 2.57484 -5.96032 4400.49 0.909018 0.398324
983000 0.95009 2.61283 -5.70208 4528.59 0.883405 0.377951
984000 0.982771 2.50505 -5.39775 4711.77 0.849006 0.357641
985000 1.00456 2.46931 -5.3153 4767.8 0.838968 0.354098
986000 0.999852 2.50431 -5.30549 4766.17 0.839254 0.354055
987000 0.991838 2.49856 -5.33945 4746.17 0.842794 0.355422
988000 1.00033 2.48969 -5.33738 4750.06 0.842101 0.355082
989000 1.00679 2.43366 -5.29681 4782.3 0.836424 0.353114
990000 0.999074 2.52704 -5.33325 4748.68 0.842344 0.354615
991000 0.998358 2.47555 -5.30587 4769.18 0.838722 0.353485
992000 1.00081 2.44289 -5.32155 4765.6 0.839351 0.353642
993000 1.00292 2.4226 -5.29973 4780.55 0.836726 0.353404
994000 1.00125 2.43169 -5.32067 4766.58 0.839177 0.353455
995000 0.993308 2.44381 -5.32095 4764.59 0.839529 0.354005
996000 1.00306 2.42283 -5.30226 4779.23 0.836966 0.352944
997000 0.998323 2.48011 -5.30688 4769.73 0.838624 0.353728
998000 1.00408 2.36355 -5.29674 4789.39 0.835188 0.353038
999000 0.996622 2.45666 -5.31312 4768.37 0.838872 0.353468
1000000 1.0046 2.36031 -5.30368 4786.82 0.83564 0.352576
1001000 1.0046 2.3866 -5.30357 4783.96 0.836142 0.353344
1002000 1.01365 2.36018 -5.28021 4801.2 0.833133 0.351982
1003000 0.999692 2.40399 -5.30689 4777.95 0.837184 0.352952
1004000 0.997793 2.37286 -5.31293 4779.47 0.836922 0.35337
1005000 0.999982 2.34364 -5.29693 4792.48 0.834646 0.35244
1006000 0.999958 2.39511 -5.29706 4784.86 0.835972 0.352704
1007000 1.0068 2.30196 -5.27809 4808.32 0.831893 0.351509
1008000 0.98794 2.38103 -5.29746 4787.36 0.835541 0.353178
1009000 0.999172 2.33484 -5.30979 4785.6 0.835843 0.353956
1010000 1.00606 2.30186 -5.29407 4799.05 0.833503 0.35267
1011000 1.00535 2.34211 -5.28171 4800.82 0.833194 0.352171
1012000 0.99399 2.32794 -5.29443 4794.57 0.834278 0.352957
1013000 1.00426 2.25477 -5.27515 4816.3 0.830516 0.351849
1014000 0.995416 2.36139 -5.31231 4780.4 0.836767 0.353804
1015000 1.00364 2.23844 -5.26844 4824.65 0.829078 0.351858
1016000 0.99555 2.27551 -5.27929 4810.6 0.8315 0.352354
1017000 0.99436 2.32416 -5.28103 4803.93 0.832659 0.352496
1018000 0.992165 2.27232 -5.27644 4814.74 0.830783 0.352018
1019000 0.997229 2.29658 -5.28915 4802.03 0.83299 0.353312
1020000 1.00044 2.29446 -5.26992 4816.54 0.830472 0.352088
1021000 0.995389 2.22449 -5.27832 4817.45 0.83033 0.352218
1022000 0.989899 2.28473 -5.28528 4806.36 0.832251 0.35273
1023000 0.99779 2.24491 -5.26035 4829.08 0.828324 0.351109
1024000 0.990308 2.27239 -5.28442 4808.26 0.831904 0.352397
1025000 0.998903 2.24102 -5.25434 4832.86 0.827669 0.351354
1026000 0.998069 2.26355 -5.28226 4811.47 0.831367 0.352939
1027000 1.01133 2.13254 -5.23389 4858.97 0.823227 0.349973
1028000 1.00428 2.21602 -5.26715 4828.45 0.828424 0.351715
1029000 1.0018 2.19031 -5.25438 4838.06 0.826785 0.351509
1030000 0.996269 2.21632 -5.25742 4833.58 0.827546 0.351012
1031000 1.00577 2.16203 -5.26517 4834.32 0.82742 0.351448
1032000 0.994717 2.17141 -5.25263 4841.36 0.826214 0.351529
1033000 1.0066 2.12861 -5.24032 4856.01 0.823722 0.350468
1034000 0.996271 2.19551 -5.26733 4829.68 0.828215 0.351354
1035000 1.0024 2.12287 -5.23709 4857.63 0.823458 0.350566
1036000 0.997721 2.18431 -5.25898 4836.84 0.82699 0.351084
1037000 0.998332 2.14263 -5.22349 4865.72 0.82208 0.34993
1038000 1.00338 2.18908 -5.25466 4837.35 0.826902 0.351001
1039000 1.0041 2.07649 -5.22282 4874.37 0.820632 0.349969
1040000 1.00363 2.09798 -5.24432 4856.83 0.823585 0.350168
1041000 0.991203 2.11758 -5.2388 4856.43 0.823656 0.350266
1042000 0.995347 2.09692 -5.22394 4868.83 0.821553 0.349378
1043000 0.998256 2.10596 -5.23005 4863.7 0.822423 0.3499
1044000 1.00476 2.09637 -5.22562 4869.34 0.821473 0.350149
1045000 1.00881 2.09589 -5.2289 4868.29 0.821647 0.35035
1046000 0.998114 2.07199 -5.24167 4861.73 0.822753 0.35016
1047000 1.00311 2.04409 -5.20603 4890.32 0.817948 0.34906
1048000 1.00366 2.08646 -5.25069 4854.09 0.824061 0.351493
1049000 1.00271 2.03098 -5.20763 4891.73 0.817713 0.349206
1050000 0.996656 2.07927 -5.21261 4878.31 0.819958 0.348855
1051000 1.00643 2.00817 -5.18513 4908.38 0.814942 0.348062
1052000 0.997261 2.05595 -5.2279 4872.06 0.821012 0.349673
1053000 0.997947 2.03916 -5.20513 4888.96 0.81817 0.349096
1054000 1.00184 2.00898 -5.19121 4902.66 0.815886 0.348188
1055000 0.99791 2.00264 -5.22589 4879.76 0.819719 0.349517
1056000 0.997595 2.01733 -5.2068 4890.88 0.817851 0.349109
1057000 0.999661 2.00124 -5.19617 4900.21 0.8163 0.348454
1058000 0.993025 2.0153 -5.22962 4876.37 0.820304 0.34993
1059000 1.00244 1.95985 -5.1985 4903.52 0.81575 0.348847
1060000 1.00623 1.9878 -5.19158 4905.52 0.815425 0.348217
1061000 0.997998 1.98098 -5.19575 4902.56 0.815921 0.348446
1062000 0.99136 1.98103 -5.20484 4897.85 0.81669 0.349167
1063000 1.00661 1.94025 -5.17103 4926.15 0.811997 0.348295
1064000 1.0031 1.98615 -5.21361 4893.55 0.817404 0.349601
1065000 1.00533 1.92112 -5.17746 4924.79 0.812224 0.348332
1066000 0.993055 2.00175 -5.22168 4884.1 0.818993 0.350086
1067000 1.00325 1.87802 -5.16979 4934.59 0.810611 0.347592
1068000 0.995269 1.927 -5.20605 4903.6 0.815732 0.349296
1069000 0.99272 1.93345 -5.18396 4916.76 0.813548 0.347761
1070000 0.999299 1.90574 -5.17127 4930.77 0.811234 0.347336
1071000 1.00065 1.91714 -5.19659 4911.39 0.814434 0.349023
1072000 1.00875 1.87509 -5.17154 4935.03 0.810534 0.347354
1073000 1.00082 1.87716 -5.16594 4938.41 0.809979 0.346653
1074000 0.993455 1.90529 -5.18065 4923.53 0.812432 0.347761
1075000 0.9976 1.86131 -5.15293 4947.9 0.808426 0.347239
1076000 0.996635 1.88023 -5.20148 4911.96 0.814343 0.348621
1077000 1.00748 1.83297 -5.15394 4951.55 0.807831 0.346951
1078000 1.00068 1.85935 -5.15877 4945.3 0.808858 0.34726
1079000 0.994479 1.85513 -5.18329 4929.61 0.811431 0.347661
1080000 1.00926 1.81701 -5.13346 4969.81 0.80487 0.34563
1081000 0.999688 1.86889 -5.14549 4953.78 0.807473 0.34662
1082000 1.00426 1.78514 -5.15501 4957.54 0.806853 0.346975
1083000 0.997434 1.86767 -5.15191 4947.77 0.808458 0.346956
1084000 1.00758 1.79205 -5.14387 4965.62 0.805542 0.346654
1085000 0.990692 1.85809 -5.16688 4938.38 0.809983 0.347636
1086000 1.00298 1.75301 -5.13862 4975.46 0.80395 0.346233
1087000 0.993948 1.81134 -5.16116 4950.22 0.808056 0.346998
1088000 0.999315 1.73342 -5.15546 4964.23 0.805765 0.347683
1089000 0.999728 1.77792 -5.16496 4951.34 0.807875 0.347366
1090000 0.995302 1.7913 -5.1565 4956.14 0.807081 0.347172
1091000 1.00274 1.77846 -5.13136 4974.27 0.804139 0.346179
1092000 1.00588 1.72568 -5.12995 4984.68 0.802463 0.34616
1093000 0.996668 1.72784 -5.15802 4963.53 0.805881 0.346683
1094000 1.00018 1.73848 -5.13538 4978.5 0.803462 0.345973
1095000 1.0033 1.76789 -5.12974 4978.26 0.803495 0.346137
1096000 0.999318 1.71378 -5.10755 5000.74 0.799886 0.344766
1097000 1.00506 1.74803 -5.10695 4996.65 0.800538 0.345298
1098000 0.999494 1.71182 -5.10054 5004.84 0.799232 0.344393
1099000 0.99919 1.71376 -5.11646 4991.5 0.801365 0.346131
1100000 0.995321 1.72744 -5.12673 4984.92 0.802428 0.346288
1101000 1.00137 1.67982 -5.09171 5017.84 0.797184 0.343912
1102000 1.00465 1.70854 -5.10924 5001.01 0.799841 0.344666
1103000 0.996612 1.62994 -5.10654 5015.13 0.797594 0.3451
1104000 0.996154 1.71806 -5.13342 4983.16 0.802713 0.345972
1105000 1.00483 1.68279 -5.09749 5012.09 0.798082 0.344467
1106000 1.00596 1.61539 -5.10433 5017.51 0.797236 0.344629
1107000 0.990679 1.67643 -5.11291 5002.56 0.799597 0.344666
1108000 1.0057 1.65627 -5.0585 5044.36 0.792967 0.342805
1109000 1.00159 1.65507 -5.11695 5004.09 0.799359 0.345901
1110000 0.995803 1.63025 -5.09714 5019.61 0.796877 0.34468
1111000 1.00216 1.61461 -5.09569 5024.51 0.796098 0.344057
1112000 1.00085 1.57383 -5.08878 5033.92 0.794613 0.344651
1113000 0.997164 1.65165 -5.10069 5012.85 0.797953 0.344873
1114000 1.00207 1.59818 -5.08495 5033.88 0.794617 0.344064
1115000 1.00263 1.59302 -5.09971 5024.37 0.796121 0.344765
1116000 1.00491 1.56699 -5.06722 5049.49 0.792162 0.343452
1117000 1.00356 1.5956 -5.06707 5047.05 0.792543 0.343245
1118000 0.991923 1.59645 -5.06576 5046.75 0.792603 0.343468
1119000 0.999136 1.54897 -5.08032 5043.67 0.793073 0.344253
1120000 1.00431 1.55081 -5.05971 5058.23 0.790798 0.342942
1121000 1.00295 1.57216 -5.04679 5064.83 0.789762 0.342807
1122000 1.00749 1.53379 -5.07378 5052.84 0.791636 0.343459
1123000 0.997936 1.53816 -5.0839 5044.28 0.792979 0.343771
1124000 1.00176 1.49117 -5.04887 5075.33 0.788133 0.34264
1125000 0.990364 1.54008 -5.06751 5053.38 0.791571 0.342991
1126000 0.992008 1.52901 -5.05836 5062.71 0.790134 0.343256
1127000 0.994555 1.54412 -5.02606 5082.44 0.787029 0.34253
1128000 0.992318 1.52766 -5.06771 5054.63 0.791354 0.34279
1129000 1.00027 1.51465 -5.03833 5080.16 0.787388 0.341795
1130000 0.997821 1.48628 -5.05653 5068.62 0.789184 0.342871
1131000 0.990747 1.49019 -5.06157 5063.57 0.789977 0.343447
1132000 0.999369 1.47506 -5.02914 5090.22 0.78583 0.342394
1133000 0.990996 1.52254 -5.05598 5062 0.790206 0.342636
1134000 0.998657 1.45489 -5.03913 5087.17 0.786296 0.342888
1135000 0.998268 1.44136 -5.03759 5091.46 0.785637 0.342445
1136000 1.00247 1.47724 -5.04538 5077.79 0.787746 0.342992
1137000 1.00284 1.41394 -5.01741 5110.01 0.782782 0.341314
1138000 1.00051 1.48079 -5.01959 5098.28 0.78458 0.341276
1139000 1.00908 1.36387 -4.97832 5148.37 0.776953 0.34011
1140000 0.99709 1.41695 -5.03366 5098.46 0.784551 0.342442
1141000 0.993144 1.42313 -5.01429 5112.62 0.782383 0.341639
1142000 1.00641 1.40783 -5.02531 5104.94 0.783555 0.342122
1143000 1.00496 1.37884 -5.00152 5128.87 0.779902 0.340512
1144000 1.00166 1.38652 -5.02781 5106.75 0.783286 0.342229
1145000 0.995692 1.38555 -5.02479 5108.5 0.783014 0.341786
1146000 1.00279 1.29561 -4.98869 5152.13 0.776382 0.340583
1147000 0.994734 1.45037 -5.03298 5092.04 0.785549 0.34217
1148000 1.00889 1.30391 -4.99057 5147.21 0.777122 0.340392
1149000 0.990352 1.38623 -5.01864 5111.46 0.782567 0.342162
1150000 1.00277 1.33048 -4.99605 5138.32 0.778477 0.340263
1151000 1.00947 1.322 -4.95168 5175.51 0.772878 0.339285
1152000 0.999892 1.38471 -4.99795 5129.4 0.779819 0.341238
1153000 1.00762 1.25371 -4.94465 5190.74 0.770618 0.339042
1154000 0.998864 1.392 -4.98588 5137.35 0.778613 0.340045
1155000 1.00007 1.29803 -4.96562 5168.11 0.773979 0.340054
1156000 0.99494 1.3423 -4.97742 5150.75 0.776586 0.340508
1157000 1.00336 1.30851 -4.96325 5168.6 0.773905 0.339767
1158000 1.00321 1.27024 -4.95631 5178.61 0.772412 0.338864
1159000 0.997392 1.31388 -4.97501 5156.35 0.775743 0.340038
1160000 0.997727 1.30042 -4.95966 5173.31 0.773201 0.339183
1161000 1.00022 1.24078 -4.9425 5192.44 0.770354 0.339233
1162000 0.996301 1.31654 -4.9862 5149.02 0.776848 0.340734
1163000 0.999685 1.24023 -4.93778 5197.03 0.769676 0.338296
1164000 0.999672 1.27469 -4.9641 5172.83 0.773272 0.340073
1165000 1.01057 1.25777 -4.931 5203.94 0.768658 0.338134
1166000 1.00211 1.21742 -4.93109 5209.72 0.767835 0.338354
1167000 0.997857 1.24526 -4.94972 5188.51 0.77094 0.339124
1168000 1.00154 1.19882 -4.9529 5193.38 0.77022 0.339054
1169000 0.993168 1.22103 -4.93612 5201.91 0.768952 0.338286
1170000 1.00095 1.17299 -4.91191 5229.46 0.764899 0.338327
1171000 0.99858 1.23344 -4.9474 5190.92 0.770578 0.33926
1172000 1.00016 1.21404 -4.92833 5212.45 0.767396 0.338795
1173000 0.994621 1.20672 -4.91125 5224.8 0.765582 0.337182
1174000 0.995207 1.20181 -4.92785 5213.62 0.767234 0.338046
1175000 1.00319 1.19332 -4.90641 5233.13 0.764389 0.337202
1176000 1.00856 1.13591 -4.88059 5265.87 0.759618 0.336687
1177000 0.994477 1.21949 -4.92777 5208.41 0.76799 0.337262
1178000 1.00237 1.14474 -4.87869 5264.37 0.759833 0.336799
1179000 1.00807 1.13864 -4.89287 5254.18 0.761302 0.336825
1180000 0.999784 1.15986 -4.90783 5235.59 0.764003 0.337635
1181000 1.00665 1.13061 -4.88116 5260.82 0.76034 0.337111
1182000 1.00365 1.1287 -4.8734 5271.05 0.758864 0.335816
1183000 0.994093 1.14395 -4.89778 5246.44 0.762425 0.33734
1184000 0.994483 1.13446 -4.89048 5255.53 0.761116 0.336791
1185000 0.991879 1.0862 -4.86272 5283.26 0.757109 0.336237
1186000 0.994258 1.15783 -4.90079 5241.8 0.763103 0.337561
1187000 0.999049 1.06369 -4.8753 5277.8 0.757893 0.3358
1188000 0.994684 1.15588 -4.88183 5259.56 0.760531 0.336472
1189000 0.996512 1.03948 -4.81812 5331.47 0.750267 0.334081
1190000 0.998918 1.12218 -4.89658 5253.39 0.761419 0.337031
1191000 0.997333 1.06447 -4.85144 5299.85 0.754744 0.335098
1192000 0.998403 1.05849 -4.86329 5287.12 0.756561 0.336264
1193000 0.998625 1.04858 -4.85001 5300.13 0.754726 0.335328
1194000 0.999185 1.02538 -4.82799 5324.55 0.751255 0.33442
1195000 1.00069 1.05141 -4.86535 5289.39 0.756243 0.335942
1196000 1.00079 1.00829 -4.83436 5321.11 0.751723 0.335137
1197000 0.992015 1.06619 -4.86381 5284.19 0.75698 0.33625
1198000 0.998783 0.996239 -4.80549 5350.07 0.747667 0.333343
1199000 1.01193 0.999715 -4.77972 5375.17 0.744167 0.332411
1200000 1.00022 1.0613 -4.86271 5290.13 0.756133 0.336134
