# Time-averaged data for fix observables
# TimeStep v_temperature v_pressure v_potential v_volume v_rho c_Q6
1000 0.574114 8.71428 -7.19232 3576.57 1.11874 0.546447
2000 0.91127 8.11952 -6.78705 3722.46 1.07467 0.521858
3000 1.00028 7.98515 -6.64944 3771.5 1.0606 0.512334
4000 1.00471 7.9945 -6.65072 3770.98 1.06074 0.512501
5000 0.998425 7.99873 -6.67802 3762.41 1.06315 0.514651
6000 1.00203 7.9748 -6.66404 3767.99 1.06158 0.513668
7000 1.00167 7.99849 -6.65266 3769.74 1.06108 0.512575
8000 0.995726 8.02726 -6.66705 3764.11 1.06267 0.513838
9000 0.999792 7.99761 -6.66209 3767.28 1.06178 0.51332
10000 1.00272 7.98719 -6.6572 3769.21 1.06123 0.512998
11000 0.992975 8.04697 -6.66116 3764.51 1.06256 0.513687
12000 0.9959 8.0253 -6.6588 3766.47 1.062 0.513826
13000 1.004 7.98101 -6.65844 3769.39 1.06118 0.513171
14000 0.996496 8.01929 -6.66596 3764.7 1.0625 0.513612
15000 1.00087 7.98954 -6.66533 3766.83 1.0619 0.513412
16000 1.00518 7.97423 -6.65979 3769.49 1.06115 0.513384
17000 0.998234 8.00469 -6.66614 3765.58 1.06225 0.513723
18000 0.995251 8.03191 -6.66009 3765.69 1.06222 0.513763
19000 1.00194 8.01839 -6.65779 3767.43 1.06174 0.512745
20000 0.999197 7.95196 -6.67119 3766.81 1.06191 0.513706
21000 0.991541 8.00016 -6.66372 3766.02 1.06213 0.513823
22000 1.00264 8.06283 -6.65666 3765.65 1.06224 0.512948
23000 0.988908 8.02205 -6.67324 3762.38 1.06317 0.514541
24000 1.00419 7.9105 -6.66537 3770.97 1.06074 0.51322
25000 0.99721 8.06472 -6.66738 3762.15 1.06323 0.513698
26000 0.994541 8.00399 -6.65358 3768.88 1.06133 0.512726
27000 1.00382 7.96765 -6.65368 3771.36 1.06063 0.512568
28000 0.996743 8.05355 -6.65959 3764.64 1.06252 0.513281
29000 0.995442 8.03672 -6.66349 3764.53 1.06255 0.51379
30000 1.00375 7.96018 -6.66025 3769.98 1.06101 0.51322
31000 0.992032 8.04878 -6.6677 3762.54 1.06311 0.513854
32000 1.00003 7.94686 -6.66471 3768.98 1.0613 0.51334
33000 1.01129 8.00144 -6.65031 3771.05 1.06072 0.512632
34000 0.997995 8.03438 -6.66117 3765.44 1.06229 0.513398
35000 0.999088 8.02912 -6.66024 3765.89 1.06217 0.51333
36000 0.996359 7.96233 -6.66469 3768.15 1.06153 0.513444
37000 0.987898 7.99156 -6.67628 3762.63 1.06309 0.514176
38000 0.999248 8.0571 -6.66022 3764.57 1.06254 0.513466
39000 1.01206 7.91594 -6.66384 3771.62 1.06055 0.513127
40000 0.991209 8.03487 -6.67485 3761.2 1.06349 0.514391
41000 1.00277 8.02073 -6.65252 3768.89 1.06133 0.512938
42000 0.997586 7.9395 -6.67111 3767.52 1.06171 0.513734
43000 0.997986 8.07526 -6.65354 3765.38 1.06231 0.51366
44000 0.997901 7.95366 -6.67025 3767.12 1.06182 0.513639
45000 1.00877 8.00138 -6.65096 3770.5 1.06087 0.512524
46000 0.996867 7.99884 -6.67271 3763.89 1.06273 0.514153
47000 0.999067 7.97552 -6.66241 3768.27 1.0615 0.513531
48000 1.01433 7.984 -6.66207 3768.64 1.06139 0.513223
49000 0.993862 7.9728 -6.66283 3767.77 1.06164 0.513001
50000 0.996547 8.03034 -6.6598 3765.97 1.06215 0.513795
51000 0.992903 8.01944 -6.67649 3761.56 1.06339 0.514667
52000 1.00148 7.9474 -6.65638 3771.27 1.06065 0.512411
53000 0.997247 8.07197 -6.66132 3763.29 1.0629 0.514219
54000 0.994177 7.97927 -6.6699 3765.59 1.06226 0.513426
55000 0.998357 7.96711 -6.66513 3767.79 1.06163 0.513894
56000 0.990014 8.01515 -6.67712 3761.51 1.06341 0.514051
57000 1.00239 8.03367 -6.66492 3764.52 1.06255 0.513569
58000 1.0008 7.97593 -6.6541 3770.75 1.0608 0.513075
59000 0.998845 7.97315 -6.66414 3767.88 1.06161 0.513383
60000 0.998658 8.04934 -6.65715 3765.94 1.06216 0.513414
61000 0.997049 8.00318 -6.66471 3765.85 1.06218 0.51381
62000 0.997056 8.00123 -6.65985 3767.56 1.0617 0.512739
63000 1.00874 7.98162 -6.66466 3767.95 1.06159 0.513916
64000 0.998165 8.00283 -6.66458 3766.29 1.06206 0.513207
65000 0.999142 7.98223 -6.65692 3769.4 1.06118 0.512633
66000 0.999528 8.00049 -6.67058 3764.63 1.06252 0.514046
67000 0.99096 8.04024 -6.66776 3762.98 1.06299 0.513788
68000 0.998845 8.01086 -6.66387 3766.08 1.06212 0.513786
69000 0.997153 7.92975 -6.67372 3767.49 1.06172 0.513863
70000 1.00355 8.03732 -6.66626 3764.23 1.06264 0.513665
71000 1.0029 7.98439 -6.65308 3770.54 1.06086 0.51242
72000 0.995139 7.98283 -6.67484 3764.03 1.06269 0.514362
73000 1.00259 8.04968 -6.65314 3767.32 1.06177 0.513249
74000 0.997286 7.9219 -6.67098 3768.87 1.06133 0.513949
75000 0.996738 8.0314 -6.66063 3765.73 1.06222 0.513045
76000 1.00418 8.02676 -6.66438 3765.38 1.06231 0.513647
77000 1.00524 8.00166 -6.64855 3771.06 1.06071 0.51276
78000 1.00032 7.99656 -6.65173 3770.18 1.06096 0.512405
79000 1.00453 8.01146 -6.66518 3765.72 1.06221 0.513623
80000 1.00123 8.00168 -6.66489 3766.45 1.06201 0.5138
81000 1.00105 7.94955 -6.66289 3769.66 1.06111 0.513043
82000 0.99631 8.03891 -6.66938 3762.83 1.06303 0.5143
83000 0.996324 7.97891 -6.66908 3766.16 1.06209 0.513963
84000 1.00512 7.97442 -6.66656 3767.36 1.06175 0.514027
85000 0.996227 7.96205 -6.67552 3764.93 1.06244 0.514464
86000 0.995523 8.05337 -6.66825 3762.09 1.06324 0.514079
87000 1.00076 7.92447 -6.66473 3769.96 1.06102 0.512666
88000 1.00656 8.04861 -6.65116 3767.91 1.0616 0.512769
89000 1.00403 7.93785 -6.67197 3767.92 1.0616 0.513977
90000 0.997129 7.9734 -6.66392 3767.71 1.06166 0.513425
91000 1.00095 8.09231 -6.65876 3763.43 1.06287 0.513839
92000 1.00496 7.91048 -6.6654 3770.98 1.06074 0.513698
93000 0.999207 7.95242 -6.67983 3764.52 1.06255 0.514119
94000 0.998411 8.08394 -6.64881 3766.55 1.06199 0.512713
95000 1.00243 7.93639 -6.66873 3768.49 1.06144 0.513405
96000 1.00096 7.98047 -6.65713 3769.51 1.06116 0.512704
97000 0.995167 8.09416 -6.654 3764.42 1.06258 0.513372
98000 0.991187 8.0214 -6.66811 3763.83 1.06275 0.51414
99000 0.993961 7.97716 -6.66253 3767.92 1.06159 0.513125
100000 1.00815 8.02244 -6.65553 3768.28 1.0615 0.513204
101000 0.998911 7.99359 -6.66416 3766.69 1.06194 0.513622
102000 1.00306 7.97391 -6.66056 3768.79 1.06135 0.513084
103000 1.00965 7.97631 -6.66313 3768.74 1.06137 0.513339
104000 0.99371 8.01948 -6.65864 3766.51 1.06199 0.513583
105000 1.00214 8.00756 -6.65988 3767.49 1.06172 0.513311
106000 1.00003 7.99827 -6.66922 3765.3 1.06233 0.513715
107000 1.00402 7.95047 -6.67399 3766.35 1.06204 0.513979
108000 0.99765 7.98957 -6.65907 3768.46 1.06144 0.513491
109000 0.992424 7.98719 -6.67753 3763.12 1.06295 0.51427
110000 0.999399 8.08532 -6.65837 3763.66 1.0628 0.513708
111000 0.997555 7.92318 -6.66123 3771.27 1.06066 0.513236
112000 1.00267 7.98203 -6.67211 3765.12 1.06239 0.514188
113000 1.00036 8.01101 -6.65975 3767.11 1.06182 0.51329
114000 0.996077 8.00748 -6.66585 3765.47 1.06229 0.513709
115000 1.0038 8.01264 -6.66456 3765.97 1.06215 0.513514
116000 1.0038 7.97124 -6.65489 3770.75 1.0608 0.512898
117000 0.999947 8.0111 -6.66184 3766.41 1.06202 0.513297
118000 0.99805 8.0157 -6.66662 3764.74 1.06249 0.513811
119000 1.00006 8.01623 -6.65268 3768.97 1.0613 0.512792
120000 1.0013 7.95526 -6.66201 3769.29 1.06121 0.513304
121000 0.997337 8.02049 -6.67755 3761.67 1.06336 0.514655
122000 1.00262 7.93151 -6.66612 3769.6 1.06112 0.513515
123000 1.00368 8.01274 -6.65777 3767.67 1.06167 0.513595
124000 1.00281 8.02769 -6.65873 3766.54 1.06198 0.513154
125000 0.999323 7.97647 -6.66134 3768.49 1.06143 0.513268
126000 0.998915 8.02582 -6.65608 3767.36 1.06175 0.513015
127000 0.994655 8.02296 -6.65683 3766.98 1.06186 0.512881
128000 0.992426 7.99963 -6.67073 3764.26 1.06263 0.514077
129000 1.00348 8.03347 -6.65486 3767.6 1.06168 0.513002
130000 0.989599 7.97493 -6.67254 3764.96 1.06243 0.51445
131000 1.00377 7.99468 -6.66538 3766.75 1.06193 0.513822
132000 1.00349 7.99732 -6.66583 3766.49 1.062 0.513521
133000 0.994679 7.97917 -6.67084 3765.18 1.06237 0.514351
134000 0.998791 8.06973 -6.65857 3764.55 1.06255 0.513764
135000 1.00208 7.97301 -6.65137 3771.42 1.06061 0.512608
136000 1.00703 7.97606 -6.65466 3770.88 1.06076 0.512844
137000 1.00095 8.02346 -6.6632 3765.69 1.06222 0.514016
138000 1.00381 8.00925 -6.65742 3768.29 1.06149 0.513002
139000 1.00706 7.91657 -6.6594 3772.51 1.06031 0.512828
140000 0.992694 8.09947 -6.66406 3760.93 1.06357 0.514138
141000 0.997735 7.97888 -6.65331 3770.42 1.06089 0.512747
142000 0.995307 8.0353 -6.6591 3765.95 1.06215 0.513519
143000 0.996252 8.06504 -6.66426 3762.96 1.063 0.51383
144000 1.00988 7.92965 -6.65654 3772.76 1.06023 0.512864
145000 0.990954 8.06461 -6.65943 3763.94 1.06272 0.513665
146000 0.999267 7.99959 -6.66581 3766.33 1.06205 0.514031
147000 1.00308 7.95093 -6.6675 3768.02 1.06157 0.513587
148000 0.993953 7.99505 -6.66111 3767.09 1.06183 0.513208
149000 0.998422 8.06533 -6.65917 3764.65 1.06251 0.5136
150000 1.01218 7.9871 -6.64278 3773.97 1.0599 0.512185
151000 1.00219 7.9915 -6.66351 3767.12 1.06182 0.513464
152000 0.993397 7.99401 -6.66904 3764.97 1.06243 0.514
153000 0.99311 8.04327 -6.66131 3764.63 1.06252 0.513463
154000 1.0039 8.02385 -6.65152 3768.92 1.06132 0.512843
155000 1.00142 7.92378 -6.66969 3769.11 1.06126 0.513687
156000 1.00028 8.00817 -6.65768 3767.95 1.0616 0.512926
157000 1.0055 8.03765 -6.663 3765.02 1.06241 0.513484
158000 0.995214 7.99443 -6.66553 3766.27 1.06206 0.513579
159000 0.998012 7.98564 -6.66 3768.36 1.06147 0.513029
160000 0.998599 8.00435 -6.66609 3765.51 1.06228 0.513389
161000 0.9965 8.01039 -6.66752 3764.66 1.06251 0.513968
162000 0.999656 7.9989 -6.65764 3768.26 1.0615 0.513071
163000 1.00284 7.9981 -6.65439 3769.45 1.06117 0.512787
164000 0.996564 8.03173 -6.66121 3765.61 1.06225 0.514051
165000 0.989536 8.02784 -6.67672 3760.97 1.06356 0.514561
166000 1.00217 7.91154 -6.67152 3769.19 1.06124 0.513869
167000 1.00302 8.02865 -6.65398 3767.91 1.0616 0.512923
168000 1.00442 7.99592 -6.66712 3766.25 1.06207 0.513722
169000 0.994063 7.95919 -6.66341 3768.46 1.06145 0.513579
170000 1.00605 8.08374 -6.64369 3768.42 1.06147 0.512881
171000 0.992559 8.0122 -6.66577 3764.92 1.06244 0.513424
172000 0.997064 7.96399 -6.6619 3768.91 1.06132 0.513558
173000 1.00394 8.02454 -6.66664 3764.62 1.06253 0.513796
174000 0.998229 7.99832 -6.66536 3766.15 1.0621 0.513777
175000 0.995939 7.98113 -6.66427 3767.09 1.06183 0.513886
176000 0.996827 8.03909 -6.66401 3764.31 1.06261 0.51346
177000 0.99784 7.98539 -6.67011 3765.39 1.06231 0.514335
178000 1.00301 7.93734 -6.6686 3768.6 1.0614 0.513276
179000 1.00526 7.97668 -6.6612 3768.82 1.06135 0.512925
180000 0.996085 8.05635 -6.65773 3764.91 1.06244 0.513123
181000 0.997544 7.96915 -6.66172 3768.67 1.06138 0.512873
182000 1.00092 8.04522 -6.65258 3767.27 1.06179 0.512845
183000 0.996789 7.9909 -6.67509 3763.81 1.06276 0.514338
184000 0.993025 7.96383 -6.67678 3764.38 1.0626 0.514031
185000 0.996621 8.0102 -6.66479 3765.72 1.06222 0.513206
186000 0.989318 8.005 -6.67624 3762.26 1.06319 0.51463
187000 1.00101 8.00042 -6.67328 3764.09 1.06268 0.514002
188000 0.99964 7.93986 -6.66782 3768.46 1.06144 0.513917
189000 1.00506 7.98166 -6.66274 3768.14 1.06154 0.513471
190000 0.994844 8.03463 -6.66752 3763.49 1.06285 0.514185
191000 0.994389 7.99482 -6.66911 3765.04 1.06241 0.513455
192000 0.998857 8.01406 -6.65809 3767.36 1.06176 0.51293
193000 1.00908 7.97267 -6.65505 3770.93 1.06075 0.513096
194000 1.00095 7.97983 -6.6607 3768.52 1.06143 0.513065
195000 0.999999 8.03157 -6.65629 3767.2 1.0618 0.513457
196000 1.00352 8.0184 -6.6715 3763.53 1.06284 0.514489
197000 1.00532 7.92561 -6.66126 3771.57 1.06057 0.512821
198000 1.00305 8.02391 -6.64544 3770.66 1.06083 0.512367
199000 0.999207 8.04471 -6.66065 3765.3 1.06233 0.513815
200000 1.00066 7.99581 -6.6575 3768.61 1.0614 0.513159
201000 1.00524 7.98806 -6.64532 3773.04 1.06016 0.512062
202000 0.998548 8.04397 -6.66256 3764.68 1.06251 0.513703
203000 0.99825 7.94701 -6.67717 3765.5 1.06228 0.514313
204000 1.00115 7.96947 -6.66124 3768.96 1.0613 0.513283
205000 0.997333 7.95124 -6.66382 3768.92 1.06132 0.513287
206000 1.00432 7.93423 -6.66345 3770.26 1.06094 0.512955
207000 0.999271 8.00983 -6.6782 3762.04 1.06326 0.514566
208000 0.999128 7.87563 -6.66159 3773.74 1.05996 0.513285
209000 1.00277 7.90067 -6.66634 3771.03 1.06072 0.513896
210000 0.995038 8.00264 -6.65747 3768.16 1.06153 0.51337
211000 0.991507 7.91414 -6.67942 3766.21 1.06208 0.51428
212000 0.999397 7.89121 -6.66142 3773.14 1.06013 0.512881
213000 0.993274 7.96515 -6.64725 3772.73 1.06025 0.512317
214000 1.00337 7.92795 -6.65931 3771.91 1.06047 0.512941
215000 0.998721 7.93708 -6.64976 3773.96 1.0599 0.512449
216000 1.00153 7.86076 -6.65596 3775.93 1.05934 0.51239
217000 0.997629 7.91302 -6.66249 3771.43 1.06061 0.513116
218000 0.998029 7.85768 -6.67108 3771.75 1.06052 0.513818
219000 0.996106 7.81442 -6.67075 3774.23 1.05982 0.513099
220000 1.00222 7.89802 -6.66069 3773.11 1.06015 0.512617
221000 1.00428 7.84188 -6.66443 3774.92 1.05963 0.512876
222000 0.991711 7.82901 -6.66563 3774.56 1.05973 0.512371
223000 0.996245 7.91405 -6.65571 3773.28 1.06009 0.512594
224000 1.00567 7.81389 -6.64584 3781.83 1.05769 0.511823
225000 1.00028 7.85177 -6.65375 3777.25 1.05897 0.512515
226000 0.994899 7.83217 -6.66026 3776.17 1.05928 0.513112
227000 0.999437 7.85101 -6.65035 3778.14 1.05872 0.512234
228000 0.992802 7.79039 -6.67383 3774.29 1.05981 0.513663
229000 0.993758 7.82253 -6.6606 3776.59 1.05916 0.512856
230000 1.00335 7.83909 -6.64863 3779.49 1.05835 0.511949
231000 1.00222 7.72468 -6.65768 3782.65 1.05746 0.511995
232000 0.993986 7.79452 -6.66598 3776.54 1.05918 0.512988
233000 1.00154 7.85547 -6.65266 3777.39 1.05893 0.512708
234000 1.00095 7.66801 -6.6577 3785.92 1.05657 0.512105
235000 1.01091 7.75816 -6.64822 3784.25 1.05703 0.511623
236000 1.00137 7.79346 -6.65973 3778.41 1.05865 0.51267
237000 0.989284 7.73587 -6.66458 3779.73 1.05829 0.512238
238000 0.998036 7.74606 -6.65623 3781.8 1.0577 0.51203
239000 1.00551 7.72218 -6.66388 3781.29 1.05784 0.512573
240000 0.99876 7.69454 -6.65516 3784.85 1.05685 0.511747
241000 0.997118 7.72284 -6.66369 3781.05 1.05791 0.513065
242000 0.99932 7.73817 -6.65989 3781.27 1.05785 0.512098
243000 0.99631 7.69495 -6.65758 3783.89 1.05711 0.512254
244000 0.99806 7.67162 -6.66482 3783.33 1.05727 0.512051
245000 0.999661 7.72616 -6.66045 3781.6 1.05775 0.512335
246000 1.00139 7.65945 -6.65002 3788.41 1.05585 0.511009
247000 1.00528 7.66811 -6.65097 3787.75 1.05604 0.511866
248000 0.997918 7.70644 -6.65631 3783.93 1.0571 0.51212
249000 0.989624 7.72546 -6.66143 3780.98 1.05793 0.512219
250000 0.995516 7.60466 -6.65459 3789.56 1.05554 0.511175
251000 1.00241 7.66532 -6.65709 3786.15 1.05649 0.511683
252000 0.99964 7.64723 -6.65519 3787.33 1.05616 0.511462
253000 0.993242 7.56333 -6.67546 3785.56 1.05666 0.512783
254000 1.00129 7.67492 -6.65216 3786.84 1.05629 0.511649
255000 0.998149 7.63286 -6.66222 3786.3 1.05645 0.511721
256000 1.00516 7.58238 -6.6377 3796.4 1.05363 0.509909
257000 0.991691 7.64543 -6.667 3783.66 1.05718 0.512352
258000 0.997652 7.59952 -6.64113 3793.81 1.05435 0.510288
259000 0.994969 7.55647 -6.67475 3786.58 1.05637 0.512736
260000 0.997182 7.70566 -6.63904 3789.17 1.05565 0.510967
261000 1.00444 7.48608 -6.66345 3794.08 1.05428 0.511461
262000 1.00064 7.57775 -6.65315 3791.97 1.05487 0.510896
263000 1.00254 7.59894 -6.65814 3789.41 1.05558 0.511568
264000 1.00329 7.5141 -6.64708 3797 1.05347 0.510385
265000 1.00776 7.53612 -6.65601 3793.5 1.05444 0.511105
266000 0.993442 7.55772 -6.65271 3792.33 1.05476 0.510927
267000 1.00692 7.5471 -6.64584 3795.89 1.05378 0.510212
268000 0.996078 7.5207 -6.64643 3796.48 1.05361 0.510377
269000 0.989662 7.55125 -6.67831 3785.43 1.05668 0.512721
270000 1.0068 7.44924 -6.65886 3797.44 1.05334 0.511093
271000 1.00135 7.50447 -6.65167 3795.96 1.05375 0.510429
272000 1.0016 7.52578 -6.65258 3794.58 1.05414 0.511031
273000 1.00649 7.43835 -6.65239 3799.74 1.0527 0.510816
274000 1.00428 7.48318 -6.6509 3797.89 1.05322 0.510692
275000 0.993949 7.48166 -6.65505 3795.74 1.05382 0.51103
276000 1.00669 7.46919 -6.65791 3796.39 1.05363 0.511253
277000 0.9979 7.49913 -6.65502 3795.28 1.05396 0.510691
278000 0.997042 7.36449 -6.66864 3798.43 1.05307 0.511422
279000 0.998475 7.46242 -6.64805 3799.09 1.05289 0.510393
280000 1.00419 7.48562 -6.65644 3796.04 1.05373 0.510884
281000 0.992429 7.42184 -6.66068 3797.36 1.05337 0.511557
282000 0.999423 7.43818 -6.64186 3802.43 1.05196 0.509761
283000 1.00865 7.40276 -6.64549 3803.6 1.05164 0.509736
284000 1.00427 7.39728 -6.66079 3799.25 1.05284 0.511509
285000 0.990433 7.42551 -6.66741 3795.3 1.05394 0.511762
286000 0.997994 7.39219 -6.65295 3801.75 1.05215 0.510575
287000 0.990154 7.38118 -6.65942 3799.79 1.0527 0.51119
288000 1.00223 7.4171 -6.65023 3801.35 1.05226 0.510043
289000 1.00375 7.36289 -6.65173 3803.66 1.05162 0.510337
290000 0.998353 7.33839 -6.64103 3807.57 1.05055 0.509784
291000 1.00614 7.39153 -6.64552 3804.35 1.05143 0.510038
292000 1.00175 7.40137 -6.65952 3799.41 1.0528 0.511283
293000 0.999534 7.27827 -6.6567 3806.57 1.05082 0.510351
294000 1.00255 7.32026 -6.64634 3807.5 1.05056 0.509798
295000 0.990074 7.37916 -6.66345 3798.91 1.05294 0.511268
296000 0.997001 7.36323 -6.65869 3801.55 1.05221 0.51085
297000 1.00579 7.27174 -6.65169 3808.79 1.05021 0.510511
298000 1.00138 7.29932 -6.64648 3808.76 1.05021 0.509716
299000 0.999665 7.34967 -6.65471 3803.48 1.05167 0.51084
300000 1.00357 7.2444 -6.66072 3807.48 1.05057 0.510162
301000 0.997767 7.28901 -6.64632 3808.82 1.0502 0.509528
302000 0.993086 7.30123 -6.65401 3805.81 1.05103 0.510353
303000 0.997956 7.28973 -6.66171 3804.44 1.05141 0.510197
304000 1.00163 7.29281 -6.64132 3810.51 1.04973 0.509212
305000 1.00128 7.25106 -6.64211 3812.35 1.04922 0.50921
306000 0.988673 7.27839 -6.66195 3804.62 1.05136 0.510765
307000 1.00563 7.26772 -6.64559 3810.87 1.04963 0.509803
308000 1.00191 7.22873 -6.64515 3812.85 1.04909 0.509436
309000 1.00891 7.19075 -6.64372 3816.05 1.04821 0.509183
310000 1.0009 7.27757 -6.63908 3812.01 1.04933 0.509308
311000 0.990212 7.26635 -6.65858 3806.11 1.05095 0.510395
312000 1.00312 7.15682 -6.64435 3817.16 1.0479 0.509129
313000 1.00108 7.25534 -6.6511 3809.79 1.04993 0.510289
314000 0.992714 7.18733 -6.6642 3809.11 1.05012 0.509974
315000 0.998489 7.18398 -6.65264 3812.79 1.0491 0.510053
316000 0.997411 7.22749 -6.64864 3811.87 1.04936 0.509624
317000 0.99921 7.17873 -6.64032 3816.81 1.048 0.508649
318000 0.999386 7.14541 -6.64553 3817.32 1.04786 0.50919
319000 1.00248 7.17256 -6.64771 3815.17 1.04845 0.509566
320000 0.996781 7.21267 -6.64185 3814.27 1.04869 0.50931
321000 1.00751 7.11879 -6.64529 3818.96 1.04741 0.509052
322000 1.00206 7.1539 -6.63695 3819.54 1.04725 0.508816
323000 1.00014 7.17383 -6.64505 3816.1 1.04819 0.509222
324000 0.997362 7.13121 -6.64916 3816.79 1.04801 0.509697
325000 0.993551 7.15048 -6.64082 3818.01 1.04767 0.508697
326000 1.00289 7.16384 -6.64711 3816.06 1.04821 0.508616
327000 0.993818 7.08861 -6.64782 3819.31 1.04731 0.5089
328000 1.00576 7.04923 -6.64269 3823.75 1.0461 0.508926
329000 1.00735 7.15356 -6.64629 3816.99 1.04795 0.509093
330000 1.00629 7.01937 -6.66422 3819.07 1.04738 0.510007
331000 1.00751 7.05716 -6.63647 3825.18 1.0457 0.507965
332000 0.993662 7.12783 -6.65515 3815.11 1.04847 0.509615
333000 1.00293 6.9913 -6.64517 3825.58 1.0456 0.508458
334000 1.00596 7.07709 -6.64122 3822.57 1.04642 0.508376
335000 1.00129 7.10675 -6.63788 3821.63 1.04668 0.508422
336000 1.00789 7.00922 -6.63347 3828.94 1.04469 0.507681
337000 0.9962 7.00161 -6.64749 3823.9 1.04605 0.509062
338000 0.993589 7.06726 -6.65248 3819.17 1.04736 0.508858
339000 0.996591 7.07683 -6.64375 3821.07 1.04683 0.508531
340000 0.992935 7.02294 -6.63986 3825.17 1.04571 0.508794
341000 1.00115 7.00548 -6.64073 3826.55 1.04533 0.508685
342000 0.99205 7.04278 -6.65116 3820.87 1.04688 0.508802
343000 0.994539 7.05091 -6.64764 3821.54 1.0467 0.508609
344000 0.997557 6.9967 -6.63372 3828.76 1.04473 0.507765
345000 0.996172 6.9562 -6.64274 3828.12 1.0449 0.508164
346000 1.00051 6.96645 -6.6531 3824.71 1.04584 0.508892
347000 0.998869 7.02193 -6.64372 3824.33 1.04594 0.508568
348000 0.996271 6.91112 -6.64903 3828.7 1.04474 0.508381
349000 1.00425 6.97448 -6.63654 3829.29 1.04459 0.50814
350000 1.00305 6.97109 -6.63952 3828.83 1.04471 0.508075
351000 0.993444 6.93532 -6.64749 3827.83 1.04498 0.507814
352000 1.00742 6.97578 -6.62615 3832.71 1.04365 0.506943
353000 0.99428 6.92099 -6.6353 3832.21 1.04379 0.507428
354000 0.99569 6.94286 -6.64961 3826.93 1.04523 0.508837
355000 1.01001 6.92658 -6.63589 3832.73 1.04364 0.507471
356000 1.00258 6.81011 -6.65493 3832.88 1.04361 0.508569
357000 1.00244 6.94649 -6.63551 3831.01 1.04411 0.507503
358000 1.00683 6.90386 -6.62111 3838.06 1.0422 0.506491
359000 1.00491 6.87762 -6.63938 3834.11 1.04327 0.508016
360000 1.00175 6.85527 -6.6506 3831.86 1.04388 0.508769
361000 1.00064 6.88146 -6.63604 3834.31 1.04321 0.507713
362000 0.99563 6.88438 -6.63438 3834.33 1.04321 0.507082
363000 0.992813 6.86642 -6.63744 3834.52 1.04316 0.507602
364000 1.00288 6.85588 -6.6322 3837.29 1.04241 0.507345
365000 1.00644 6.91609 -6.62681 3836 1.04277 0.506905
366000 0.992914 6.79665 -6.6456 3836.13 1.04272 0.508042
367000 1.004 6.8482 -6.6281 3838.95 1.04195 0.507017
368000 0.999661 6.85611 -6.63744 3835.41 1.04292 0.507081
369000 1.0036 6.79091 -6.6282 3842.08 1.0411 0.506201
370000 0.987137 6.78983 -6.65711 3832.39 1.04374 0.508975
371000 1.00481 6.84307 -6.63348 3837.78 1.04228 0.507947
372000 0.999454 6.77819 -6.63986 3839.03 1.04193 0.506863
373000 1.00402 6.73647 -6.64024 3841.38 1.04129 0.507067
374000 0.993812 6.82424 -6.6474 3834.04 1.04329 0.507492
375000 1.00063 6.75309 -6.65037 3837.22 1.04243 0.508103
376000 1.00617 6.72061 -6.64167 3842.08 1.04111 0.50759
377000 0.999228 6.73941 -6.64383 3840.14 1.04163 0.50773
378000 0.988906 6.82076 -6.64263 3835.23 1.04297 0.507471
379000 1.0012 6.70929 -6.63691 3844.02 1.04058 0.507121
380000 1.00029 6.73472 -6.63859 3842.16 1.04108 0.507071
381000 1.00389 6.71265 -6.63968 3843.2 1.0408 0.507088
382000 0.999537 6.72173 -6.63696 3843.21 1.0408 0.507297
383000 0.993789 6.72954 -6.64349 3840.43 1.04155 0.507458
384000 0.99935 6.67909 -6.64864 3841.95 1.04114 0.50774
385000 1.00406 6.73157 -6.62843 3845.45 1.0402 0.506186
386000 0.997178 6.69043 -6.63741 3844.66 1.04041 0.506662
387000 0.990503 6.71563 -6.62695 3846.12 1.04001 0.506199
388000 1.01397 6.65981 -6.63366 3848.37 1.03941 0.506113
389000 1.00121 6.65732 -6.6401 3845.81 1.04009 0.507052
390000 1.0046 6.66663 -6.63161 3848.07 1.03949 0.50621
391000 1.0011 6.67061 -6.63119 3847.87 1.03954 0.506352
392000 1.00289 6.63314 -6.62883 3850.6 1.03881 0.50604
393000 0.99542 6.67602 -6.62686 3848.53 1.03937 0.50579
394000 1.00354 6.66406 -6.63221 3848.13 1.03947 0.506525
395000 1.00314 6.66576 -6.61242 3853.94 1.0379 0.50511
396000 1.00366 6.60653 -6.63067 3851.82 1.03847 0.505926
397000 0.990444 6.60722 -6.64187 3847.63 1.03962 0.507017
398000 1.00093 6.66701 -6.6296 3848.59 1.03935 0.506486
399000 1.00333 6.62092 -6.64282 3847.3 1.0397 0.506942
400000 1.01368 6.48239 -6.63314 3858.69 1.03663 0.505726
401000 1.00429 6.59067 -6.61922 3856.06 1.03733 0.505081
402000 1.00114 6.59891 -6.63577 3850.58 1.03881 0.506192
403000 0.996575 6.56977 -6.63327 3852.41 1.03831 0.505998
404000 0.991075 6.56272 -6.64471 3849.18 1.03919 0.50663
405000 0.997314 6.62262 -6.62821 3851.29 1.03861 0.505949
406000 1.00534 6.52218 -6.61991 3859.71 1.03635 0.505046
407000 0.99456 6.54779 -6.64871 3848.96 1.03924 0.507146
408000 1.0063 6.55757 -6.62924 3855.29 1.03754 0.50622
409000 0.995381 6.51377 -6.62275 3859.07 1.03652 0.50518
410000 1.00105 6.52293 -6.63216 3855.86 1.03739 0.505396
411000 1.00565 6.5633 -6.62543 3855.9 1.03737 0.505399
412000 1.00046 6.4739 -6.63341 3858.34 1.03672 0.506037
413000 1.00026 6.50463 -6.6248 3859.29 1.03646 0.505715
414000 1.00773 6.52095 -6.60639 3864.26 1.03513 0.503759
415000 0.997295 6.56568 -6.62143 3856.66 1.03717 0.505018
416000 0.994352 6.51802 -6.62717 3857.33 1.037 0.505561
417000 0.996064 6.45615 -6.62633 3861.1 1.03598 0.505313
418000 0.994748 6.45428 -6.6447 3855.49 1.03749 0.506413
419000 0.996311 6.50773 -6.62535 3858.43 1.03669 0.504945
420000 1.01375 6.40873 -6.61399 3868.62 1.03396 0.50393
421000 0.998145 6.47283 -6.62976 3859.21 1.03648 0.505486
422000 1.01078 6.40471 -6.6258 3865.14 1.03489 0.505094
423000 0.999771 6.4463 -6.62 3863.97 1.03521 0.505038
424000 1.00363 6.42215 -6.62213 3864.71 1.03501 0.504769
425000 0.999613 6.50722 -6.60808 3864.29 1.03513 0.504147
426000 0.990166 6.46209 -6.61835 3863 1.03547 0.504408
427000 0.999005 6.36582 -6.61939 3868.71 1.03394 0.504375
428000 0.993619 6.43843 -6.63947 3858.08 1.03679 0.506126
429000 1.00375 6.44343 -6.61859 3864.81 1.03498 0.504658
430000 0.995718 6.37714 -6.62277 3866.84 1.03445 0.503984
431000 1.00267 6.37259 -6.61495 3869.96 1.0336 0.504153
432000 1.00158 6.39541 -6.62262 3866 1.03466 0.504529
433000 0.993112 6.40006 -6.61607 3867.39 1.03429 0.504249
434000 0.991953 6.37648 -6.62667 3865.34 1.03484 0.504805
435000 0.99778 6.37315 -6.6207 3867.9 1.03415 0.50435
436000 0.997527 6.32461 -6.62646 3868.87 1.0339 0.504336
437000 0.99481 6.39886 -6.62316 3865.28 1.03485 0.504722
438000 1.0001 6.31135 -6.6234 3870.41 1.03348 0.505236
439000 1.00132 6.29522 -6.62997 3869.64 1.03369 0.504811
440000 0.999653 6.36825 -6.61857 3868.75 1.03394 0.504107
441000 0.988831 6.30184 -6.6439 3863.96 1.03521 0.505813
442000 1.00627 6.27264 -6.61064 3877.07 1.03171 0.503397
443000 0.993258 6.34533 -6.62512 3867.81 1.03418 0.504599
444000 1.01456 6.26407 -6.60746 3879.26 1.03113 0.503176
445000 0.99086 6.27758 -6.62045 3872.77 1.03286 0.504579
446000 1.00127 6.30907 -6.61476 3873.25 1.03273 0.503845
447000 1.00066 6.28756 -6.61687 3874.03 1.03252 0.50394
448000 0.987644 6.2421 -6.62716 3872.8 1.03285 0.504688
449000 1.00382 6.28215 -6.61608 3874.92 1.03228 0.503523
450000 1.0144 6.24035 -6.59684 3883.9 1.0299 0.502013
451000 1.00044 6.27065 -6.61855 3874.52 1.03239 0.504289
452000 0.992589 6.22884 -6.61877 3876.34 1.0319 0.503852
453000 1.00196 6.28297 -6.60552 3877.9 1.03149 0.502555
454000 1.00831 6.21071 -6.61297 3880.12 1.03091 0.502936
455000 0.997349 6.15145 -6.62321 3879.87 1.03097 0.503967
456000 1.00472 6.23366 -6.60722 3880.4 1.03083 0.503192
457000 0.990738 6.25386 -6.62206 3873.86 1.03256 0.504085
458000 1.00396 6.14083 -6.60697 3885.94 1.02935 0.502778
459000 0.996746 6.25392 -6.61738 3875.58 1.03211 0.503311
460000 0.998483 6.22005 -6.6042 3881.77 1.03046 0.502886
461000 0.994326 6.09996 -6.62631 3881.58 1.03052 0.504346
462000 1.00267 6.21639 -6.61121 3880.06 1.03092 0.503231
463000 1.00021 6.17586 -6.621 3879.52 1.03106 0.50367
464000 0.994953 6.10069 -6.61606 3884.76 1.02967 0.503359
465000 0.996821 6.16891 -6.60768 3883.55 1.02999 0.503167
466000 0.99611 6.19401 -6.61542 3879.92 1.03097 0.503502
467000 0.993067 6.16525 -6.61551 3881.05 1.03066 0.502798
468000 0.998636 6.08793 -6.62343 3883.42 1.03002 0.503632
469000 1.00374 6.10177 -6.60883 3887.36 1.02898 0.502502
470000 1.00993 6.08305 -6.61559 3886.87 1.02911 0.503146
471000 0.998185 6.08623 -6.61997 3884.83 1.02965 0.503322
472000 1.0018 6.1266 -6.59909 3889.31 1.02846 0.502273
473000 0.985751 6.10991 -6.62713 3880.21 1.03088 0.504205
474000 1.00672 6.05005 -6.61026 3890.14 1.02824 0.502704
475000 0.996243 6.11847 -6.60944 3885.92 1.02936 0.503427
476000 1.00807 6.05174 -6.6013 3893.15 1.02745 0.501825
477000 1.00457 6.00686 -6.60872 3893.02 1.02748 0.502295
478000 0.998512 6.03448 -6.62667 3885.38 1.02951 0.5035
479000 1.00412 6.08336 -6.6107 3887.94 1.02882 0.502753
480000 1.00064 6.03631 -6.59997 3893.98 1.02724 0.501333
481000 0.999769 5.98034 -6.61299 3892.91 1.02751 0.50293
482000 0.991662 6.02867 -6.61782 3888.41 1.02871 0.503312
483000 0.995886 6.10792 -6.60086 3888.84 1.02859 0.50172
484000 1.00243 5.99789 -6.60103 3895.97 1.0267 0.501697
485000 0.991539 5.95556 -6.61017 3895.04 1.02695 0.501798
486000 1.00651 6.05082 -6.60132 3892.99 1.02751 0.501608
487000 1.00465 6.02173 -6.60279 3894.4 1.02712 0.50235
488000 1.00112 5.93267 -6.60961 3897.02 1.02643 0.502478
489000 1.00716 5.9689 -6.59968 3898.74 1.02598 0.501631
490000 1.00584 5.95943 -6.59431 3900.35 1.02555 0.50121
491000 0.999485 5.98477 -6.6028 3895.83 1.02674 0.501387
492000 1.00036 5.95517 -6.60987 3895.98 1.0267 0.502117
493000 0.999621 5.94779 -6.60727 3896.92 1.02646 0.501874
494000 1.0076 5.95269 -6.59153 3902.13 1.02509 0.500613
495000 1.00335 5.94006 -6.59823 3900.19 1.02559 0.501052
496000 0.99803 5.92423 -6.59889 3900.66 1.02548 0.501288
497000 1.00233 5.90159 -6.60362 3900.69 1.02546 0.501724
498000 1.00772 5.92667 -6.5936 3902.95 1.02488 0.500701
499000 0.992131 5.94451 -6.60124 3898.5 1.02604 0.501897
500000 0.999564 5.90561 -6.59977 3901.77 1.02518 0.501446
501000 0.999503 5.87745 -6.60824 3900.86 1.02542 0.50193
502000 0.997821 5.8664 -6.60748 3901.37 1.02528 0.501905
503000 0.997722 5.89026 -6.61529 3897.65 1.02626 0.502398
504000 0.998001 5.91561 -6.60814 3898.45 1.02606 0.502042
505000 1.00472 5.79809 -6.59105 3911.33 1.02267 0.499935
506000 1.00884 5.85434 -6.58977 3908.49 1.02342 0.500006
507000 0.99954 5.86228 -6.60193 3903.68 1.02468 0.50112
508000 1.00218 5.83092 -6.59899 3906.48 1.02394 0.501326
509000 0.997852 5.84613 -6.59997 3905.05 1.02432 0.501178
510000 0.994446 5.83933 -6.62398 3897.88 1.0262 0.502648
511000 0.999787 5.75623 -6.60124 3909.99 1.02302 0.500624
512000 0.997708 5.81293 -6.60374 3905.89 1.0241 0.501717
513000 1.00275 5.86141 -6.58904 3908.18 1.0235 0.500112
514000 1.00214 5.78629 -6.59301 3910.95 1.02277 0.499955
515000 0.997812 5.74682 -6.60438 3909.61 1.02313 0.501172
516000 1.00014 5.85002 -6.58642 3909.48 1.02316 0.500754
517000 1.00477 5.78712 -6.59009 3912.14 1.02246 0.500609
518000 0.997816 5.73762 -6.60178 3910.81 1.02281 0.50055
519000 1.00574 5.74153 -6.58998 3915.18 1.02167 0.500115
520000 0.993376 5.79853 -6.61518 3902.78 1.02491 0.501848
521000 1.0116 5.67862 -6.59017 3918.69 1.02075 0.499704
522000 0.999661 5.751 -6.60419 3909.39 1.02318 0.501227
523000 1.01277 5.72716 -6.58136 3919.07 1.02065 0.498984
524000 0.997588 5.66374 -6.60082 3915.6 1.02156 0.500374
525000 1.00145 5.73083 -6.59539 3913.72 1.02205 0.500189
526000 1.0051 5.77083 -6.58887 3913.68 1.02206 0.50002
527000 1.00531 5.71078 -6.57193 3923.05 1.01962 0.498358
528000 1.00405 5.63833 -6.59477 3919.44 1.02056 0.499868
529000 0.99314 5.73502 -6.59246 3913.98 1.02199 0.499318
530000 1.00112 5.72408 -6.58789 3916.61 1.02129 0.499088
531000 1.01118 5.66594 -6.58071 3922.98 1.01964 0.498928
532000 1.00323 5.65615 -6.58774 3920.91 1.02017 0.4997
533000 0.995517 5.66009 -6.59857 3916.66 1.02129 0.500488
534000 1.00319 5.68897 -6.58659 3919.19 1.02062 0.499126
535000 1.00673 5.64203 -6.58091 3924.27 1.0193 0.499104
536000 0.993153 5.68258 -6.58353 3919.9 1.02044 0.499023
537000 1.00397 5.64929 -6.58196 3922.81 1.01968 0.499707
538000 0.996304 5.66152 -6.58641 3920.36 1.02032 0.498889
539000 1.00005 5.59483 -6.58496 3925 1.01911 0.499412
540000 1.00096 5.66428 -6.57372 3924.68 1.0192 0.498416
541000 1.00347 5.62408 -6.59021 3921.89 1.01992 0.499428
542000 1.00558 5.61729 -6.57609 3927.27 1.01853 0.497812
543000 1.00023 5.54748 -6.58898 3926.64 1.01868 0.499031
544000 0.983945 5.63936 -6.60451 3915.22 1.02166 0.500948
545000 0.99554 5.57358 -6.58212 3927.53 1.01845 0.498963
546000 1.00994 5.59982 -6.5718 3930.07 1.01781 0.498196
547000 1.00286 5.5948 -6.58361 3925.85 1.01889 0.498621
548000 0.995976 5.53994 -6.58449 3928.29 1.01826 0.498568
549000 1.00874 5.53456 -6.58781 3928.54 1.01819 0.499086
550000 1.00742 5.57476 -6.56845 3932.27 1.01723 0.497342
551000 1.0012 5.55524 -6.58282 3928.49 1.0182 0.498861
552000 0.99796 5.55543 -6.5774 3929.99 1.01782 0.497804
553000 0.997347 5.54463 -6.56853 3933.38 1.01694 0.49775
554000 0.996562 5.52688 -6.59021 3927.34 1.0185 0.499687
555000 0.999928 5.54048 -6.5785 3930.4 1.01771 0.498109
556000 1.00441 5.48993 -6.58066 3933.48 1.01692 0.498592
557000 0.997498 5.50202 -6.57663 3933.72 1.01685 0.497895
558000 0.998481 5.52007 -6.58648 3929.04 1.01806 0.498489
559000 0.999121 5.48379 -6.5791 3933.86 1.01682 0.498115
560000 0.998099 5.47704 -6.57658 3934.77 1.01658 0.498227
561000 0.995849 5.49933 -6.58886 3929.64 1.01791 0.498738
562000 0.999756 5.43616 -6.57695 3937.49 1.01588 0.497535
563000 1.01178 5.43065 -6.57691 3938.79 1.01554 0.497624
564000 1.00097 5.50743 -6.57299 3934.59 1.01663 0.497843
565000 1.00815 5.44226 -6.55877 3943.88 1.01425 0.495898
566000 0.994613 5.41039 -6.57365 3939.78 1.01529 0.497139
567000 0.999553 5.42223 -6.57879 3937.55 1.01586 0.497399
568000 1.00232 5.47491 -6.56687 3938.66 1.01558 0.496852
569000 0.995425 5.44061 -6.5775 3936.73 1.01607 0.497789
570000 1.00015 5.35215 -6.56852 3945.41 1.01384 0.496804
571000 0.995336 5.4445 -6.58457 3934.28 1.01671 0.498424
572000 0.999832 5.43715 -6.56617 3941.04 1.01497 0.496684
573000 0.99582 5.36781 -6.579 3940.73 1.01504 0.497501
574000 1.00035 5.35415 -6.57655 3942.63 1.01456 0.497225
575000 1.01069 5.38065 -6.5627 3946.63 1.01352 0.496554
576000 0.993373 5.36489 -6.58247 3939.76 1.0153 0.497404
577000 1.00015 5.38653 -6.56249 3945.16 1.0139 0.496532
578000 1.0084 5.3517 -6.55784 3949.65 1.01275 0.496197
579000 0.991805 5.42567 -6.56471 3941.61 1.01481 0.497197
580000 1.0025 5.35369 -6.57798 3942.68 1.01455 0.498015
581000 0.996213 5.32382 -6.56475 3948.36 1.01308 0.496373
582000 1.00456 5.26504 -6.5696 3950.79 1.01246 0.496387
583000 0.998827 5.33286 -6.58305 3941.62 1.01482 0.497761
584000 1.00089 5.32147 -6.57828 3944.55 1.01406 0.497026
585000 1.00743 5.33165 -6.55409 3951.91 1.01218 0.495518
586000 0.999267 5.24611 -6.57312 3950.2 1.01261 0.497196
587000 1.00296 5.24974 -6.55382 3956.91 1.0109 0.494918
588000 1.00303 5.34419 -6.57026 3945.67 1.01377 0.496872
589000 0.991992 5.31 -6.58108 3943.57 1.01432 0.498209
590000 0.998826 5.26993 -6.55056 3956.72 1.01094 0.495288
591000 1.00766 5.24074 -6.56899 3952.8 1.01194 0.496891
592000 0.996972 5.30554 -6.55601 3952.43 1.01204 0.496086
593000 1.00158 5.22293 -6.5579 3957.09 1.01084 0.495874
594000 0.997886 5.28351 -6.56144 3951.85 1.01219 0.496363
595000 0.997307 5.26712 -6.55823 3954.07 1.01162 0.496016
596000 0.998653 5.17287 -6.57211 3955.35 1.0113 0.496454
597000 1.00813 5.23306 -6.54529 3961.19 1.0098 0.494746
598000 0.998477 5.29111 -6.55679 3953.02 1.01189 0.495962
599000 1.00475 5.1489 -6.57527 3956.51 1.011 0.496243
600000 0.996486 5.17836 -6.55454 3960.81 1.0099 0.494909
601000 1.00328 5.23174 -6.54364 3961.47 1.00974 0.493838
602000 0.997356 5.27271 -6.55248 3955.48 1.01126 0.494874
603000 0.99357 5.18188 -6.55896 3959.09 1.01033 0.495307
604000 1.00159 5.13888 -6.55398 3963.85 1.00912 0.495062
605000 0.992949 5.2013 -6.57648 3951.76 1.01221 0.496702
606000 1.00431 5.11868 -6.56936 3959.97 1.01011 0.49558
607000 1.01223 5.12173 -6.5415 3970.1 1.00754 0.493578
608000 1.00221 5.17884 -6.55772 3960.11 1.01007 0.4952
609000 1.00299 5.14164 -6.55018 3965.03 1.00882 0.494908
610000 0.993717 5.10883 -6.55267 3965.86 1.00861 0.495221
611000 0.994024 5.17164 -6.55962 3959.56 1.01022 0.495779
612000 1.00297 5.1657 -6.55294 3962.76 1.00941 0.494655
613000 0.997281 5.10526 -6.54439 3968.65 1.0079 0.494331
614000 0.994134 5.05651 -6.56602 3964.47 1.00897 0.495598
615000 1.00093 5.15519 -6.54844 3964.49 1.00896 0.49467
616000 0.997854 5.11117 -6.54701 3967.67 1.00815 0.494328
617000 0.991741 5.06055 -6.57078 3962.25 1.00953 0.49662
618000 1.00091 5.09491 -6.54703 3968.93 1.00783 0.493996
619000 1.00665 5.07723 -6.53891 3973.26 1.00674 0.493508
620000 0.999908 5.08326 -6.55468 3966.93 1.00834 0.49462
621000 1.00753 5.03165 -6.54289 3974.95 1.00631 0.494071
622000 0.992376 5.04753 -6.55765 3967.93 1.00809 0.494754
623000 1.00402 5.07954 -6.53559 3974.08 1.00653 0.493005
624000 1.00335 5.00467 -6.55241 3973.06 1.00679 0.493909
625000 0.995072 5.0102 -6.54595 3974.13 1.00651 0.494134
626000 0.999613 5.06018 -6.55346 3968.91 1.00783 0.494247
627000 1.00648 5.03669 -6.53413 3977.01 1.00578 0.493152
628000 0.993421 4.9842 -6.54663 3975.63 1.00614 0.493929
629000 0.996434 4.97311 -6.55846 3972.61 1.0069 0.494889
630000 1.01008 4.99676 -6.53831 3978.62 1.00538 0.492872
631000 0.993875 5.04129 -6.5282 3978.31 1.00545 0.492271
632000 0.993264 4.97951 -6.56109 3970.96 1.00732 0.494633
633000 0.998652 4.99249 -6.53551 3978.84 1.00532 0.493331
634000 1.01029 4.89971 -6.53535 3985.71 1.00359 0.492053
635000 1.00131 4.97995 -6.55223 3974.36 1.00645 0.494264
636000 0.992046 4.97668 -6.55005 3974.96 1.00631 0.493914
637000 1.00066 4.91527 -6.54599 3980.44 1.00492 0.493312
638000 0.995678 4.91824 -6.55349 3977.66 1.00563 0.493698
639000 1.00514 4.93177 -6.5314 3985.06 1.00375 0.49213
640000 0.997215 4.98048 -6.54537 3976.56 1.0059 0.493839
641000 1.00495 4.90534 -6.52384 3989.31 1.00268 0.492347
642000 1.00069 4.86437 -6.53999 3986.06 1.0035 0.492005
643000 1.00117 4.87535 -6.54323 3984.45 1.00391 0.492547
644000 1.00437 4.91987 -6.54157 3982.19 1.00448 0.492889
645000 1.00265 4.93744 -6.5358 3982.96 1.00429 0.49324
646000 0.999342 4.82617 -6.52882 3992.36 1.00192 0.491172
647000 0.994542 4.88648 -6.53296 3986.63 1.00335 0.492565
648000 1.00503 4.91299 -6.51418 3992.03 1.00201 0.490792
649000 1.00682 4.81999 -6.54786 3986.59 1.00337 0.492848
650000 0.996763 4.8697 -6.54728 3982.97 1.00428 0.493457
651000 1.003 4.81641 -6.52872 3993.34 1.00167 0.491631
652000 1.01111 4.75275 -6.53181 3996.83 1.0008 0.491001
653000 0.994626 4.8632 -6.54705 3983.41 1.00417 0.493162
654000 0.998626 4.81318 -6.53487 3990.95 1.00227 0.491962
655000 0.99396 4.83367 -6.53375 3989.81 1.00256 0.492093
656000 1.00372 4.82115 -6.53186 3991.8 1.00206 0.492127
657000 1.01381 4.74863 -6.51906 4001.73 0.999574 0.490961
658000 1.00108 4.82514 -6.53699 3989.74 1.00257 0.492107
659000 1.00181 4.74922 -6.54605 3991.3 1.00219 0.492771
660000 1.00204 4.74338 -6.5305 3997.16 1.00071 0.491327
661000 0.991297 4.79705 -6.53568 3991.62 1.0021 0.492102
662000 1.00916 4.74379 -6.50008 4007.96 0.998018 0.489437
663000 0.996253 4.80965 -6.53326 3991.59 1.00211 0.492309
664000 1.0039 4.77654 -6.52413 3997.6 1.0006 0.491495
665000 1.00546 4.73766 -6.52625 3999.2 1.00021 0.490787
666000 0.99631 4.70985 -6.53727 3996.39 1.00092 0.49198
667000 1.00351 4.68772 -6.52893 4001.32 0.99967 0.491098
668000 0.992832 4.7747 -6.52377 3996.83 1.0008 0.490349
669000 1.00064 4.70552 -6.52292 4002.29 0.999434 0.490769
670000 1.00466 4.68237 -6.5183 4005.71 0.998578 0.48965
671000 1.00057 4.73622 -6.51961 4001.42 0.999645 0.491524
672000 0.998329 4.71865 -6.53139 3998.62 1.00035 0.492065
673000 0.987343 4.68009 -6.53092 4000.11 0.999977 0.491806
674000 1.0042 4.68654 -6.50796 4009.25 0.997695 0.489789
675000 0.999361 4.73069 -6.53026 3997.77 1.00056 0.49208
676000 1.00462 4.61274 -6.51807 4010.05 0.9975 0.489549
677000 1.00003 4.60629 -6.52021 4009.34 0.997673 0.489998
678000 0.992432 4.70752 -6.52025 4002.22 0.999453 0.49085
679000 1.00536 4.70073 -6.49965 4010.67 0.997353 0.489045
680000 1.00058 4.58805 -6.52602 4008.5 0.997883 0.490836
681000 0.998816 4.60892 -6.52005 4009.42 0.997653 0.489754
682000 1.00983 4.63559 -6.50046 4015.43 0.996168 0.488365
683000 0.999198 4.61718 -6.53516 4003.87 0.999036 0.491373
684000 1.0018 4.5817 -6.50661 4016.09 0.995993 0.48863
685000 0.983015 4.67078 -6.5296 4000.77 0.999811 0.491676
686000 0.99836 4.60573 -6.50384 4015.18 0.996222 0.489397
687000 0.997069 4.61508 -6.51283 4011.48 0.997146 0.489796
688000 1.00482 4.5755 -6.50495 4017.41 0.995671 0.489041
689000 1.00292 4.54143 -6.5048 4019.37 0.995188 0.488438
690000 0.999003 4.62213 -6.51602 4009.92 0.997534 0.489304
691000 1.0041 4.56939 -6.51018 4015.91 0.996042 0.489405
692000 1.00144 4.51639 -6.50161 4022.21 0.994484 0.488194
693000 0.995593 4.54041 -6.51669 4015.49 0.996148 0.489476
694000 0.997316 4.62531 -6.49911 4015.87 0.996057 0.489309
695000 1.00406 4.54023 -6.51053 4017.56 0.99563 0.489071
696000 1.00115 4.51609 -6.49965 4022.93 0.994311 0.488584
697000 1.00241 4.47279 -6.50838 4022.25 0.99447 0.488569
698000 0.999334 4.5356 -6.52096 4014.11 0.996488 0.489861
699000 1.00164 4.48148 -6.50157 4024.77 0.993851 0.488063
700000 1.0104 4.50651 -6.47926 4031.02 0.992313 0.486856
701000 0.998819 4.53098 -6.49018 4025.17 0.993755 0.487896
702000 0.99976 4.50167 -6.49005 4027.12 0.993267 0.487123
703000 0.99509 4.49109 -6.51943 4017.17 0.995729 0.490339
704000 0.993833 4.477 -6.50646 4022.58 0.994388 0.488885
705000 1.01101 4.42939 -6.50566 4027.35 0.993215 0.488803
706000 1.00083 4.4741 -6.49811 4026.28 0.993476 0.487418
707000 1.00105 4.43381 -6.48824 4032.63 0.991911 0.486889
708000 0.986819 4.52173 -6.517 4015.58 0.996121 0.490071
709000 1.00996 4.4262 -6.47315 4039.23 0.99029 0.485368
710000 0.993572 4.45728 -6.50462 4025.17 0.993756 0.488181
711000 1.00176 4.399 -6.49846 4031.54 0.992177 0.487516
712000 0.994228 4.46595 -6.50059 4025.48 0.993673 0.488397
713000 0.997927 4.40479 -6.5028 4029.21 0.992758 0.487594
714000 1.00281 4.37464 -6.48879 4036.3 0.991012 0.485653
715000 0.998933 4.43624 -6.49481 4030.14 0.992525 0.48762
716000 1.00925 4.35979 -6.48959 4037.73 0.990672 0.487026
717000 0.998564 4.336 -6.50191 4033.87 0.991606 0.487339
718000 0.991729 4.43838 -6.502 4026.44 0.993436 0.488224
719000 1.01117 4.28398 -6.49662 4040.16 0.990064 0.487854
720000 1.00599 4.31612 -6.49195 4039.34 0.990267 0.48705
721000 1.01146 4.35236 -6.48735 4039.27 0.990282 0.486549
722000 0.990787 4.37392 -6.48885 4036.02 0.991079 0.486752
723000 1.00503 4.3345 -6.46854 4046.48 0.988516 0.484076
724000 1.00145 4.36365 -6.49886 4033.21 0.991766 0.488025
725000 1.00254 4.28507 -6.47503 4047.58 0.988249 0.485185
726000 0.994739 4.29766 -6.49338 4039.69 0.990179 0.487171
727000 1.00461 4.32506 -6.48798 4040.28 0.990038 0.486009
728000 0.998609 4.33043 -6.4857 4040.08 0.990083 0.486023
729000 0.997048 4.26826 -6.49053 4042.35 0.989525 0.485965
730000 1.00492 4.29614 -6.46139 4051.84 0.98721 0.483892
731000 1.00167 4.29761 -6.49774 4038.32 0.990513 0.48717
732000 0.992873 4.3519 -6.49396 4035.85 0.991128 0.487875
733000 1.00371 4.23329 -6.46612 4054.26 0.986629 0.484423
734000 0.9995 4.22104 -6.47831 4050.3 0.987582 0.484949
735000 0.992523 4.24936 -6.4903 4043.83 0.989169 0.486051
736000 1.00579 4.28197 -6.4762 4047.58 0.988248 0.484581
737000 1.00493 4.23068 -6.47526 4051.15 0.987378 0.48479
738000 0.995173 4.22228 -6.48387 4048.17 0.988104 0.48622
739000 1.00286 4.22 -6.46658 4055.01 0.986436 0.483939
740000 0.998926 4.25993 -6.48673 4044.88 0.988904 0.486282
741000 1.00394 4.201 -6.45741 4059.9 0.985247 0.483529
742000 0.99386 4.20821 -6.48597 4048.36 0.988056 0.485968
743000 1.0034 4.20443 -6.47361 4053.86 0.986723 0.484603
744000 1.00235 4.18857 -6.48522 4050.56 0.987518 0.485654
745000 1.00303 4.13176 -6.47897 4056.63 0.986044 0.48465
746000 0.993323 4.18552 -6.46683 4056.67 0.986042 0.484665
747000 1.00426 4.18878 -6.46884 4056.52 0.98607 0.484495
748000 0.998733 4.18498 -6.48592 4050.1 0.987632 0.485427
749000 1.0009 4.12405 -6.46541 4061.82 0.984781 0.483957
750000 1.00056 4.13678 -6.48344 4054.26 0.98662 0.485822
751000 0.998376 4.15797 -6.4603 4061.36 0.984895 0.483504
752000 0.993932 4.1277 -6.48383 4054.42 0.986587 0.485346
753000 1.00118 4.1512 -6.47095 4058.01 0.98571 0.484737
754000 1.00329 4.11152 -6.4494 4068.8 0.983094 0.482291
755000 0.995882 4.11178 -6.46463 4062.84 0.984534 0.483778
756000 0.998331 4.15593 -6.44902 4065.45 0.983908 0.483139
757000 1.00966 4.09375 -6.45558 4068.34 0.983209 0.482733
758000 0.996407 4.08045 -6.45754 4067.58 0.983391 0.483026
759000 1.00046 4.09957 -6.47688 4059.35 0.98538 0.485034
760000 1.00398 4.09581 -6.45006 4069.58 0.982904 0.482233
761000 1.00035 4.0362 -6.47407 4065.08 0.984002 0.483864
762000 0.997451 4.04029 -6.46491 4067.75 0.983347 0.483275
763000 1.00494 4.09232 -6.44084 4073.74 0.981909 0.48143
764000 0.990413 4.0966 -6.46748 4062.19 0.984693 0.484101
765000 1.00109 4.01579 -6.44194 4078.13 0.980843 0.481174
766000 0.998996 4.03208 -6.45677 4071.53 0.982434 0.481946
767000 1.00209 4.06506 -6.45794 4068.82 0.98309 0.482884
768000 1.00593 4.05342 -6.44246 4075.58 0.981465 0.481958
769000 0.996888 3.98439 -6.4485 4077.42 0.981022 0.482042
770000 0.999093 3.96129 -6.46793 4072.54 0.982189 0.483839
771000 1.00632 3.99429 -6.46937 4070.09 0.982787 0.484489
772000 1.00057 4.00475 -6.44816 4076.11 0.981328 0.482325
773000 1.00142 3.9735 -6.44316 4080.76 0.980212 0.481495
774000 0.988656 3.99178 -6.48528 4063.13 0.984466 0.485067
775000 1.00423 3.94057 -6.45165 4080.36 0.980312 0.481184
776000 0.997217 4.00795 -6.45667 4073.26 0.98202 0.482625
777000 1.00456 3.96039 -6.43129 4086.39 0.978865 0.480681
778000 1.00531 3.91734 -6.43141 4089.49 0.978125 0.479237
779000 0.990877 3.9789 -6.46622 4071.64 0.982426 0.483409
780000 1.00068 3.90502 -6.44967 4082.83 0.979714 0.482065
781000 0.999336 3.92965 -6.43866 4085.18 0.979158 0.480083
782000 0.994201 3.96945 -6.46874 4071.16 0.982524 0.483544
783000 1.00268 3.90819 -6.43304 4089.42 0.978135 0.480406
784000 1.00326 3.9068 -6.4496 4083.4 0.979583 0.481636
785000 1.01 3.88102 -6.44205 4088.23 0.978425 0.481048
786000 1.00059 3.86717 -6.44189 4088.4 0.978381 0.481079
787000 0.992809 3.93432 -6.45582 4078.2 0.980838 0.482017
788000 1.00967 3.81797 -6.43475 4095.46 0.976698 0.480042
789000 1.00849 3.87306 -6.41992 4097.38 0.976239 0.479197
790000 0.999962 3.85208 -6.44793 4087.5 0.978597 0.481215
791000 1.00188 3.84022 -6.43451 4093.54 0.977152 0.480144
792000 1.00206 3.87181 -6.45182 4084.72 0.979261 0.482205
793000 1.00583 3.82374 -6.43154 4096.04 0.976556 0.479702
794000 1.00119 3.80413 -6.43179 4097 0.97633 0.479959
795000 0.98636 3.8105 -6.44531 4090.61 0.977858 0.480517
796000 1.00332 3.84565 -6.44203 4090.88 0.977804 0.480157
797000 0.999061 3.85784 -6.42777 4094.53 0.976913 0.479876
798000 1.00741 3.74343 -6.41643 4107.33 0.973872 0.477692
799000 0.999042 3.8193 -6.44841 4089.43 0.978138 0.481754
800000 0.994242 3.8091 -6.43992 4093.43 0.977182 0.480934
801000 0.997084 3.80956 -6.43228 4095.77 0.976629 0.480313
802000 0.998395 3.83493 -6.42773 4096.26 0.976503 0.479634
803000 1.00555 3.72243 -6.40981 4111.53 0.972878 0.476912
804000 0.994041 3.77855 -6.42638 4100.58 0.975472 0.478866
805000 1.00744 3.77246 -6.41196 4107.32 0.973877 0.477886
806000 1.0064 3.75742 -6.42131 4104.59 0.974524 0.478092
807000 1.0027 3.69972 -6.43147 4104.79 0.974476 0.479032
808000 1.0009 3.71412 -6.41909 4108.35 0.973632 0.478174
809000 0.997899 3.75903 -6.41077 4108.08 0.973692 0.478065
810000 1.0022 3.70679 -6.41644 4109.76 0.973294 0.477741
811000 0.995988 3.77796 -6.41933 4103.14 0.974866 0.478518
812000 1.00447 3.71124 -6.3999 4115.44 0.971952 0.47622
813000 0.996106 3.67954 -6.41396 4112.64 0.972614 0.476242
814000 0.993504 3.69706 -6.42018 4108.38 0.973623 0.478249
815000 0.99194 3.7888 -6.4021 4108.5 0.973607 0.477013
816000 0.997377 3.74019 -6.40568 4111.41 0.972905 0.476946
817000 1.00384 3.71122 -6.39432 4118.17 0.971306 0.476519
818000 0.993641 3.6423 -6.41942 4112.73 0.972606 0.47863
819000 1.00173 3.67078 -6.40321 4117.44 0.971482 0.476337
820000 1.00657 3.6569 -6.39803 4121.13 0.970618 0.475475
821000 0.991959 3.66388 -6.42397 4109.39 0.973383 0.479375
822000 1.005 3.64271 -6.38135 4128.28 0.968929 0.47413
823000 0.995845 3.68904 -6.40572 4115.23 0.972001 0.47716
824000 0.996039 3.65581 -6.39515 4122.05 0.970392 0.475719
825000 0.994924 3.63116 -6.40338 4119.96 0.970898 0.477412
826000 1.00959 3.60082 -6.37968 4132.17 0.968017 0.474271
827000 1.0023 3.61401 -6.42296 4114.5 0.972172 0.478559
828000 1.00907 3.587 -6.3913 4128.57 0.968861 0.474717
829000 0.997866 3.61409 -6.39378 4125.28 0.96964 0.476233
830000 0.995518 3.6164 -6.37938 4130.57 0.968391 0.473547
831000 1.00258 3.62426 -6.37825 4130.96 0.968306 0.474162
832000 0.994591 3.5705 -6.42204 4116.98 0.971586 0.478486
833000 1.0087 3.5238 -6.37144 4141.05 0.965941 0.473298
834000 0.99502 3.63036 -6.38953 4125.81 0.969507 0.474969
835000 1.00804 3.50856 -6.35888 4146.9 0.964585 0.472155
836000 1.00294 3.57648 -6.40197 4125.05 0.969692 0.476138
837000 0.997962 3.5572 -6.39696 4127.89 0.969021 0.475683
838000 0.995337 3.5523 -6.38796 4131.6 0.968154 0.474864
839000 0.997557 3.55928 -6.40627 4124.53 0.969815 0.476678
840000 1.00049 3.51113 -6.36307 4144.68 0.965098 0.472196
841000 1.00345 3.5134 -6.38046 4137.91 0.966676 0.473483
842000 0.990194 3.52804 -6.4034 4127.06 0.969225 0.476356
843000 0.999591 3.51436 -6.37678 4139.05 0.966407 0.474191
844000 0.997872 3.55004 -6.377 4136.21 0.967073 0.472851
845000 1.00841 3.45357 -6.35315 4153.94 0.962945 0.471283
846000 0.989647 3.51698 -6.38191 4136.32 0.967046 0.47429
847000 1.00304 3.45571 -6.37465 4144.62 0.965122 0.474267
848000 1.00693 3.48153 -6.35888 4149.08 0.964076 0.47096
849000 0.988497 3.50622 -6.38998 4133.52 0.9677 0.475816
850000 1.00667 3.42969 -6.34743 4157.47 0.96213 0.469661
851000 1.00229 3.45969 -6.3675 4147.5 0.964446 0.471376
852000 1.00088 3.44731 -6.36053 4150.47 0.963746 0.47155
853000 1.00039 3.46207 -6.36919 4146.2 0.96474 0.472564
854000 0.996108 3.47726 -6.37641 4141.81 0.965783 0.473586
855000 0.999453 3.36208 -6.38146 4148.75 0.964151 0.474385
856000 0.995999 3.39747 -6.37909 4147.16 0.964516 0.47312
857000 1.00228 3.35715 -6.3547 4160.01 0.961539 0.471154
858000 0.994406 3.43877 -6.37814 4143.66 0.96534 0.473471
859000 1.00279 3.40298 -6.38484 4144.87 0.965052 0.473839
860000 1.00478 3.37048 -6.35522 4159.02 0.961772 0.471531
861000 1.00036 3.4059 -6.34757 4159.15 0.961738 0.470221
862000 1.0036 3.331 -6.34077 4167.61 0.95979 0.468518
863000 0.996201 3.41436 -6.34048 4160.75 0.961371 0.469968
864000 0.99339 3.36464 -6.37236 4152.1 0.963376 0.472837
865000 1.00125 3.30482 -6.37313 4156.19 0.962423 0.47295
866000 1.00467 3.32944 -6.35091 4163.09 0.960828 0.470573
867000 1.00338 3.35709 -6.35696 4159.34 0.961694 0.471103
868000 0.997522 3.28662 -6.36871 4159.41 0.961684 0.472257
869000 0.997016 3.32314 -6.34871 4164.53 0.9605 0.469943
870000 0.989366 3.30407 -6.38003 4152.73 0.96323 0.473456
871000 0.998103 3.2795 -6.37781 4156.17 0.962442 0.472677
872000 1.00057 3.3556 -6.35732 4158.76 0.961829 0.470849
873000 1.00662 3.23953 -6.33715 4176.02 0.957857 0.469322
874000 0.998101 3.30138 -6.3288 4174.29 0.958251 0.46819
875000 0.997005 3.25884 -6.35203 4168.28 0.959638 0.470626
876000 1.00118 3.28027 -6.34551 4169.55 0.95934 0.470206
877000 1.00768 3.27977 -6.31555 4182.45 0.956386 0.466267
878000 1.00495 3.23772 -6.35195 4169.82 0.959275 0.469967
879000 0.987756 3.32 -6.3501 4163.76 0.960683 0.471024
880000 0.995735 3.20005 -6.34563 4174.97 0.958093 0.469276
881000 0.999996 3.20272 -6.33269 4180.34 0.956867 0.468311
882000 1.00542 3.26542 -6.32527 4178.77 0.957226 0.468534
883000 0.998057 3.25744 -6.34489 4171.16 0.958966 0.469347
884000 1.00215 3.18391 -6.31919 4187.41 0.955245 0.466909
885000 0.988652 3.23195 -6.34349 4172.78 0.958595 0.468919
886000 1.00217 3.19491 -6.34007 4178.22 0.957356 0.468974
887000 1.00251 3.14772 -6.35228 4176.67 0.957703 0.4706
888000 0.991177 3.18903 -6.34205 4177.44 0.957544 0.468783
889000 1.00681 3.1715 -6.32902 4184.84 0.955832 0.46854
890000 1.00368 3.10407 -6.31191 4196.62 0.953154 0.465121
891000 0.993771 3.21509 -6.35357 4170.5 0.959121 0.470095
892000 1.00626 3.15237 -6.31579 4191.27 0.954367 0.466971
893000 0.993008 3.14642 -6.33782 4181.68 0.956567 0.468831
894000 0.988535 3.1728 -6.33245 4181.9 0.956513 0.468618
895000 1.00821 3.10491 -6.32853 4190.26 0.954597 0.468133
896000 1.00177 3.15612 -6.30751 4195.02 0.953516 0.465847
897000 0.992761 3.15697 -6.33165 4183.75 0.956109 0.467344
898000 0.99395 3.07853 -6.32871 4190.71 0.954497 0.46737
899000 1.00264 3.07777 -6.31582 4197.31 0.952995 0.466197
900000 1.00617 3.11523 -6.28824 4205.79 0.951076 0.462858
901000 0.995982 3.15689 -6.31433 4191.17 0.954389 0.465931
902000 1.00988 3.01064 -6.28836 4214.07 0.949203 0.462699
903000 0.995686 3.06052 -6.3334 4191.06 0.954415 0.468178
904000 0.997338 3.08504 -6.3135 4197.03 0.953074 0.466437
905000 1.00219 3.07669 -6.32519 4192.89 0.953997 0.467154
906000 1.00283 3.02856 -6.31123 4202.64 0.951784 0.466522
907000 1.00085 3.05132 -6.30926 4201.54 0.952043 0.466362
908000 1.01158 3.01716 -6.28627 4214.95 0.949014 0.463079
909000 1.00394 3.01573 -6.30748 4205.35 0.951173 0.465179
910000 0.994064 3.04071 -6.32184 4196.97 0.953084 0.466747
911000 0.998468 3.01491 -6.29153 4211.76 0.949723 0.463317
912000 0.996798 3.0099 -6.30649 4205.88 0.951056 0.464309
913000 0.997378 3.02067 -6.28244 4215.09 0.948974 0.462897
914000 0.999443 2.99879 -6.2965 4211.42 0.9498 0.464257
915000 0.993021 2.99742 -6.3009 4208.96 0.950363 0.464171
916000 0.995389 3.05198 -6.30076 4205.16 0.951234 0.465143
917000 0.996716 3.01348 -6.29618 4209.83 0.950159 0.464554
918000 1.00641 2.90768 -6.28573 4222.92 0.947214 0.462152
919000 1.00181 2.94543 -6.28596 4220.06 0.947859 0.461657
920000 1.00022 2.9473 -6.28224 4221.18 0.947606 0.461993
921000 0.998589 3.02006 -6.28808 4213.52 0.949328 0.463213
922000 0.999125 2.95252 -6.2756 4223.66 0.947049 0.462671
923000 0.993791 2.96056 -6.27791 4221.43 0.94755 0.462376
924000 0.999304 2.9165 -6.28284 4223.4 0.947107 0.462513
925000 1.00718 2.90678 -6.2492 4238.73 0.943704 0.458397
926000 0.9997 2.93325 -6.29435 4217.08 0.948531 0.463338
927000 1.00696 2.90667 -6.2663 4231.53 0.945286 0.460685
928000 0.992988 2.94342 -6.27081 4226.23 0.946477 0.461538
929000 0.992352 2.89603 -6.28086 4225.57 0.946622 0.461912
930000 1.00666 2.87139 -6.2576 4238.16 0.943808 0.460897
931000 1.00485 2.89235 -6.27347 4229.51 0.945739 0.460954
932000 1.00459 2.85142 -6.26081 4238.54 0.943731 0.460289
933000 0.995672 2.8482 -6.27484 4231.94 0.945203 0.461581
934000 1.0012 2.86801 -6.25484 4238.78 0.94367 0.459065
935000 1.00216 2.87654 -6.24518 4242.75 0.942793 0.458615
936000 1.00321 2.87116 -6.24776 4242.07 0.942937 0.458398
937000 1.01526 2.78339 -6.19477 4272.97 0.936123 0.451966
938000 1.00227 2.802 -6.25241 4245.6 0.942155 0.458035
939000 0.997099 2.82872 -6.22563 4255.91 0.939888 0.454787
940000 1.0077 2.8243 -6.22168 4257.9 0.939438 0.455478
941000 0.994728 2.85069 -6.25676 4240.01 0.943395 0.457963
942000 1.00703 2.74733 -6.2049 4271.2 0.936507 0.453531
943000 1.00319 2.79848 -6.25722 4243.41 0.942641 0.459251
944000 1.0028 2.79363 -6.23831 4252.57 0.940616 0.457598
945000 1.00014 2.79996 -6.23863 4251.83 0.940785 0.458039
946000 0.997306 2.77742 -6.22824 4257.55 0.939514 0.45663
947000 0.996826 2.82463 -6.25194 4244.18 0.942472 0.458069
948000 1.00609 2.7124 -6.2197 4267.14 0.937401 0.455745
949000 0.994081 2.80357 -6.25851 4242.63 0.942817 0.459664
950000 0.997811 2.73594 -6.21612 4266.22 0.937602 0.455671
951000 0.993964 2.78734 -6.26354 4241.4 0.943086 0.460584
952000 1.00248 2.73491 -6.22087 4265.27 0.937811 0.45482
953000 0.995432 2.74251 -6.24216 4254.98 0.940096 0.457336
954000 0.990686 2.73204 -6.24864 4251.97 0.940744 0.458359
955000 1.00317 2.68105 -6.20135 4278.28 0.934958 0.453167
956000 1.00259 2.70925 -6.23984 4258.74 0.939251 0.457938
957000 0.999601 2.68869 -6.22935 4264.91 0.937898 0.456225
958000 0.996411 2.68937 -6.21924 4268.55 0.937109 0.455151
959000 1.00135 2.72619 -6.22156 4265.25 0.937815 0.455083
960000 1.00277 2.65488 -6.22031 4271.47 0.936447 0.455609
961000 0.993031 2.68467 -6.21866 4268.88 0.937017 0.454161
962000 0.990386 2.67615 -6.23664 4261.86 0.938573 0.456277
963000 0.996181 2.65561 -6.21246 4273.96 0.935905 0.454968
964000 1.00185 2.66289 -6.18166 4288.41 0.932777 0.451663
965000 1.01096 2.63246 -6.17855 4292.72 0.931814 0.450738
966000 0.998127 2.67677 -6.21724 4270.92 0.936566 0.454601
967000 1.00525 2.64149 -6.18772 4287.58 0.932929 0.451804
968000 0.997948 2.59495 -6.19947 4285.78 0.933331 0.452241
969000 0.993895 2.63118 -6.19644 4283.76 0.933761 0.452259
970000 0.996323 2.58781 -6.17773 4295.96 0.931112 0.450486
971000 0.990091 2.66591 -6.23582 4262.78 0.938358 0.456687
972000 1.0059 2.59861 -6.1775 4295.69 0.931173 0.450562
973000 0.996355 2.59635 -6.17894 4294.48 0.931449 0.449615
974000 0.998603 2.56545 -6.19764 4288.56 0.932716 0.452904
975000 1.00531 2.5328 -6.18848 4295.95 0.93111 0.451193
976000 0.997047 2.61629 -6.20626 4280.49 0.934478 0.452803
977000 1.00307 2.50623 -6.15097 4315.38 0.926928 0.44662
978000 1.00712 2.55609 -6.18048 4298.62 0.930533 0.45025
979000 1.00416 2.52823 -6.12593 4324.97 0.924862 0.444062
980000 0.998783 2.58517 -6.18637 4292.31 0.931902 0.451116
981000 1.00897 2.48431 -6.14467 4320.13 0.92592 0.446947
982000 1.00038 2.52417 -6.08337 4345.28 0.920545 0.438699
983000 1.00824 2.53541 -6.11245 4331.41 0.923488 0.441566
984000 1.00472 2.52984 -6.14856 4314.61 0.927091 0.446312
985000 0.992168 2.51549 -6.1397 4319.13 0.926116 0.443835
986000 0.998499 2.4715 -6.05033 4364.99 0.916384 0.433338
987000 0.991268 2.504 -6.00306 4385.22 0.91216 0.426432
988000 0.984169 2.51561 -5.88233 4444.94 0.899928 0.410576
989000 0.939996 2.55389 -5.56421 4608.82 0.868002 0.37154
990000 1.00022 2.43598 -5.3249 4762.82 0.839864 0.354102
991000 0.998112 2.47591 -5.3288 4757.3 0.840823 0.354349
992000 0.996267 2.47468 -5.3138 4765.72 0.839332 0.353519
993000 0.993512 2.46206 -5.33008 4757.33 0.840811 0.354454
994000 0.998577 2.43364 -5.31782 4770.04 0.83857 0.353717
995000 0.998695 2.44734 -5.32126 4764.54 0.839539 0.354527
996000 1.00541 2.40459 -5.30993 4778.42 0.837099 0.353449
997000 0.996958 2.43071 -5.31907 4767.96 0.838935 0.354213
998000 1.00144 2.42285 -5.29602 4783.23 0.836259 0.353078
999000 1.00634 2.43081 -5.29698 4782.56 0.836374 0.352674
1000000 1.00243 2.38828 -5.29603 4788.54 0.83535 0.353181
1001000 1.00074 2.34239 -5.29567 4792.87 0.834573 0.353446
1002000 0.993399 2.40985 -5.31512 4772.68 0.838109 0.354168
1003000 1.00753 2.36853 -5.28382 4798.88 0.833537 0.353168
1004000 0.997533 2.36068 -5.30554 4785.62 0.835851 0.353413
1005000 0.991 2.39328 -5.31324 4775.91 0.837544 0.353659
1006000 1.00905 2.31873 -5.27446 4809.29 0.831724 0.35206
1007000 0.994474 2.39122 -5.3151 4774.75 0.837745 0.354696
1008000 1.00454 2.34426 -5.28287 4801.08 0.833148 0.352069
1009000 1.01217 2.3145 -5.28157 4807.59 0.832023 0.352489
1010000 0.997077 2.33339 -5.27579 4805.28 0.832421 0.352344
1011000 0.998354 2.31297 -5.28868 4800.78 0.833199 0.352713
1012000 0.991679 2.32204 -5.29216 4797.78 0.833722 0.35312
1013000 0.992906 2.33236 -5.29681 4791.8 0.834766 0.352522
1014000 1.00125 2.31244 -5.27532 4811.19 0.831397 0.352282
1015000 1.00558 2.28898 -5.26879 4817.52 0.830308 0.351231
1016000 0.997898 2.30129 -5.29239 4800.68 0.833215 0.352933
1017000 1.00193 2.25952 -5.26078 4824.65 0.82908 0.351888
1018000 1.00656 2.25825 -5.27208 4820.39 0.829815 0.352607
1019000 1.00286 2.27845 -5.27379 4815.25 0.830696 0.351686
1020000 0.999433 2.27219 -5.27834 4812.77 0.831126 0.352679
1021000 0.995626 2.26936 -5.29445 4803.61 0.832709 0.352597
1022000 0.99758 2.22787 -5.26755 4823.59 0.82926 0.351598
1023000 0.997148 2.2339 -5.28577 4812.74 0.83113 0.352157
1024000 1.00244 2.25244 -5.26963 4821.41 0.829651 0.351791
1025000 1.00224 2.22172 -5.2504 4836.67 0.827023 0.35074
1026000 0.989176 2.25623 -5.29454 4806.41 0.832227 0.35233
1027000 0.99999 2.17635 -5.25733 4840.8 0.826316 0.351248
1028000 0.997412 2.21386 -5.27634 4822.03 0.829529 0.352522
1029000 0.999453 2.177 -5.24939 4841.32 0.826223 0.350728
1030000 0.993061 2.21571 -5.2649 4826.51 0.82876 0.351495
1031000 0.999822 2.16496 -5.26329 4836.84 0.826987 0.351968
1032000 1.00054 2.16015 -5.25405 4841.81 0.82615 0.350637
1033000 1.00095 2.19322 -5.24267 4847.36 0.825194 0.350728
1034000 1.00426 2.15562 -5.25691 4841.7 0.826161 0.351247
1035000 0.995627 2.15411 -5.24331 4850.84 0.824606 0.351252
1036000 0.996632 2.1507 -5.2448 4848.06 0.825112 0.350707
1037000 1.0043 2.17481 -5.22878 4857.47 0.823486 0.349944
1038000 1.00378 2.11142 -5.23086 4864.03 0.822365 0.350003
1039000 1.00094 2.12841 -5.26576 4839.11 0.826602 0.350931
1040000 1.00286 2.07331 -5.23793 4864.77 0.822241 0.350262
1041000 0.994389 2.13431 -5.25444 4842.89 0.825956 0.350973
1042000 0.994959 2.08125 -5.22626 4868.24 0.821654 0.349915
1043000 0.997137 2.09547 -5.23911 4861.84 0.822747 0.350164
1044000 1.00206 2.11123 -5.23707 4860.36 0.822986 0.351103
1045000 1.00483 2.09597 -5.2141 4876.26 0.820302 0.34984
1046000 1.00018 2.09162 -5.20742 4882.07 0.819334 0.349015
1047000 0.997724 2.08499 -5.22672 4869.99 0.821358 0.349987
1048000 0.994598 2.07965 -5.24446 4859.1 0.8232 0.350911
1049000 0.997564 2.04405 -5.20654 4887.04 0.818495 0.348746
1050000 1.00117 2.04457 -5.23107 4870.76 0.821239 0.3502
1051000 0.992493 2.05599 -5.21574 4880.05 0.819665 0.349568
1052000 0.999412 2.05226 -5.20638 4888.25 0.818292 0.348613
1053000 1.0101 2.01174 -5.19845 4898.84 0.816525 0.348144
1054000 1.00028 2.06007 -5.2212 4876.57 0.82025 0.349736
1055000 1.01095 1.97177 -5.18002 4916.14 0.813647 0.348099
1056000 0.994038 2.05044 -5.20776 4885.3 0.818791 0.349269
1057000 1.00294 2.02043 -5.19138 4902.05 0.815994 0.348939
1058000 1.00195 1.98039 -5.20216 4898.31 0.816623 0.348223
1059000 0.993696 2.00884 -5.19531 4899.3 0.816452 0.348625
1060000 1.00474 1.97945 -5.16576 4925.24 0.812149 0.346892
1061000 1.00517 1.99535 -5.19317 4903.81 0.815694 0.348592
1062000 1.0002 1.97053 -5.20965 4898.11 0.816643 0.349244
1063000 0.999521 1.98661 -5.18169 4912.34 0.814278 0.34737
1064000 0.998338 1.95439 -5.19063 4908.23 0.814965 0.348396
1065000 0.999585 1.94059 -5.18383 4915.36 0.813777 0.347963
1066000 0.992663 1.93843 -5.18468 4915.8 0.813704 0.348183
1067000 0.998637 1.9511 -5.18492 4914.58 0.813909 0.348059
1068000 0.995319 1.91546 -5.18989 4915.49 0.813757 0.348385
1069000 0.997501 1.97697 -5.18216 4912.51 0.814255 0.34799
1070000 0.998119 1.87913 -5.1774 4929.93 0.811377 0.347792
1071000 1.00103 1.91248 -5.20511 4906.18 0.815307 0.34924
1072000 1.01151 1.85973 -5.14804 4953.97 0.807434 0.346533
1073000 0.995599 1.89744 -5.17917 4924.19 0.812327 0.34806
1074000 0.99647 1.88192 -5.17942 4927.38 0.811795 0.348264
1075000 1.00253 1.89719 -5.1646 4936.53 0.810288 0.348012
1076000 1.00484 1.88517 -5.13937 4955.22 0.807236 0.346145
1077000 0.9984 1.88775 -5.17353 4930.59 0.811264 0.347524
1078000 0.996228 1.84147 -5.16191 4944.54 0.808974 0.346683
1079000 0.99184 1.88057 -5.16832 4933.45 0.810795 0.347129
1080000 1.00105 1.79664 -5.16675 4946.88 0.80859 0.347183
1081000 0.991864 1.91346 -5.17514 4924.81 0.812222 0.347691
1082000 1.0139 1.7585 -5.12816 4981.77 0.802928 0.346153
1083000 0.999832 1.84578 -5.17316 4936.21 0.810351 0.347642
1084000 0.995411 1.80494 -5.13641 4967.48 0.805244 0.346826
1085000 1.00378 1.82131 -5.1602 4948.11 0.808394 0.346859
1086000 1.00242 1.76254 -5.15468 4961.66 0.806182 0.346688
1087000 0.997954 1.81778 -5.17256 4939.94 0.809737 0.347508
1088000 0.996204 1.74284 -5.15026 4966.21 0.805448 0.346977
1089000 1.00369 1.77555 -5.13009 4976.99 0.803703 0.346329
1090000 0.993795 1.80315 -5.15192 4958.2 0.806747 0.34644
1091000 0.997011 1.79694 -5.14261 4963.73 0.805848 0.346573
1092000 0.996466 1.7636 -5.1275 4977.68 0.803588 0.346174
1093000 1.00533 1.72587 -5.12027 4989.96 0.80161 0.345466
1094000 0.993024 1.75161 -5.12072 4985.56 0.802319 0.345679
1095000 0.99897 1.741 -5.13817 4974.92 0.804042 0.345961
1096000 1.00276 1.70897 -5.1269 4988.84 0.8018 0.34594
1097000 0.999945 1.74501 -5.12115 4984.58 0.802495 0.345937
1098000 1.00637 1.6855 -5.11363 5000.84 0.799884 0.345372
1099000 1.00343 1.68323 -5.13132 4986.87 0.802115 0.345616
1100000 0.999459 1.71662 -5.12542 4988.49 0.801857 0.346151
1101000 0.993104 1.69836 -5.09724 5009.83 0.798431 0.344667
1102000 0.992828 1.7296 -5.12265 4987.28 0.802059 0.345341
1103000 0.997811 1.66999 -5.10378 5008.48 0.798649 0.345008
1104000 1.00021 1.68877 -5.10213 5008.05 0.798722 0.344784
1105000 1.00454 1.6532 -5.10799 5009 0.798564 0.344866
1106000 1.00663 1.64459 -5.09896 5017.94 0.797141 0.344723
1107000 0.993766 1.67548 -5.11018 5004.35 0.799308 0.344308
1108000 0.998317 1.67151 -5.09591 5015 0.797612 0.344295
1109000 0.999095 1.66744 -5.08824 5022.08 0.796488 0.344776
1110000 1.00029 1.62734 -5.08818 5027.25 0.795669 0.34482
1111000 1.00107 1.60521 -5.07959 5034.86 0.794465 0.344149
1112000 0.995958 1.65319 -5.07785 5029.12 0.795374 0.343834
1113000 0.999183 1.56781 -5.0854 5038.73 0.793851 0.343806
1114000 0.999228 1.61023 -5.10639 5016.96 0.797299 0.3452
1115000 0.993604 1.61684 -5.10443 5018.22 0.797096 0.346098
1116000 0.998126 1.5926 -5.07434 5040.48 0.793584 0.343498
1117000 0.998684 1.59489 -5.08084 5037.63 0.794031 0.343649
1118000 1.0018 1.55311 -5.07527 5047.51 0.792476 0.343944
1119000 0.990147 1.62215 -5.09357 5023.5 0.796291 0.344702
1120000 0.99072 1.54214 -5.06899 5052.18 0.791788 0.343081
1121000 1.00209 1.58268 -5.04874 5061.23 0.790327 0.343043
1122000 0.998044 1.57342 -5.09332 5029.53 0.795308 0.345074
1123000 0.998497 1.49369 -5.05497 5070.88 0.788822 0.343615
1124000 0.998003 1.54936 -5.08622 5037.57 0.794035 0.344286
1125000 1.00275 1.48898 -5.06105 5068.47 0.789197 0.342704
1126000 1.00385 1.50069 -5.05887 5066.64 0.78948 0.342446
1127000 0.997612 1.50907 -5.08738 5046.38 0.792649 0.343404
1128000 1.00216 1.49969 -5.05827 5066.93 0.789437 0.342846
1129000 1.00308 1.47386 -5.04133 5084.2 0.786753 0.342003
1130000 0.9987 1.51778 -5.04119 5077.4 0.787814 0.341937
1131000 1.00258 1.4647 -5.05628 5074.5 0.788268 0.342795
1132000 0.997977 1.46552 -5.04497 5083.19 0.78691 0.343121
1133000 1.00497 1.43603 -5.01818 5107.84 0.783114 0.341057
1134000 0.999215 1.50457 -5.04914 5073.22 0.788457 0.343039
1135000 1.00068 1.50291 -5.00901 5104.23 0.78367 0.341004
1136000 1.00026 1.45028 -5.02438 5099.88 0.78434 0.340984
1137000 1.00108 1.44787 -5.01611 5106.17 0.783368 0.341094
1138000 1.00957 1.43303 -5.00161 5121.11 0.781084 0.341627
1139000 0.996439 1.45302 -5.012 5107.42 0.783185 0.341544
1140000 0.998691 1.44886 -5.01943 5101.71 0.784065 0.341318
1141000 0.999156 1.37669 -4.99153 5134.13 0.779117 0.340628
1142000 0.992276 1.43352 -5.04841 5081.86 0.787114 0.342672
1143000 0.996705 1.42451 -5.00133 5122.18 0.780934 0.341204
1144000 1.0082 1.36568 -4.98155 5143.79 0.777641 0.340218
1145000 0.999764 1.37886 -5.01686 5117.41 0.781648 0.34147
1146000 0.997031 1.37923 -5.00584 5124.16 0.780622 0.341388
1147000 0.998925 1.39113 -5.00067 5127.62 0.780091 0.340297
1148000 1.00409 1.37749 -4.98343 5141.98 0.777912 0.340348
1149000 1.00031 1.35162 -4.98652 5144.04 0.777601 0.339743
1150000 1.00164 1.35296 -4.95356 5166.55 0.774214 0.338791
1151000 0.999869 1.36717 -4.9978 5134.75 0.77903 0.340595
1152000 0.992684 1.32312 -5.01738 5124.75 0.780536 0.341327
1153000 0.997916 1.31948 -4.96342 5164.01 0.774593 0.339035
1154000 1.00001 1.34762 -4.98407 5148.49 0.776927 0.340703
1155000 1.00587 1.3282 -4.97357 5156.33 0.775747 0.340306
1156000 0.998028 1.35424 -4.96393 5160.29 0.775152 0.339005
1157000 0.995521 1.31269 -4.95889 5170.87 0.77357 0.338678
1158000 0.998354 1.27127 -4.9622 5173.93 0.773107 0.339125
1159000 0.99405 1.3376 -4.99287 5142.15 0.777891 0.340274
1160000 0.998521 1.22627 -4.9438 5197 0.769685 0.338855
1161000 0.997904 1.33023 -4.9719 5157.84 0.775521 0.339462
1162000 1.00629 1.25262 -4.92308 5209.22 0.767872 0.338904
1163000 0.995104 1.26857 -4.95629 5181.74 0.771946 0.339599
1164000 0.996256 1.27353 -4.96513 5171.39 0.773492 0.339128
1165000 0.999134 1.22612 -4.94773 5193.1 0.770254 0.339129
1166000 0.994905 1.29937 -4.98416 5152.93 0.776264 0.34068
1167000 0.998832 1.18829 -4.91201 5226.41 0.765351 0.337518
1168000 1.00432 1.23643 -4.95367 5191.06 0.770557 0.338918
1169000 1.00329 1.18488 -4.92276 5219.91 0.766303 0.338402
1170000 1.00201 1.23357 -4.9363 5202.67 0.76884 0.338015
1171000 1.0033 1.24931 -4.94092 5194.53 0.770047 0.338767
1172000 1.00269 1.13828 -4.90889 5240.93 0.763229 0.337599
1173000 0.999016 1.18937 -4.94082 5204.26 0.768604 0.338768
1174000 1.00304 1.17103 -4.92372 5222.83 0.765881 0.3381
1175000 1.00323 1.15322 -4.91316 5233.95 0.764251 0.33733
1176000 0.989007 1.23679 -4.93874 5198.78 0.769417 0.339126
1177000 0.998808 1.1328 -4.90319 5246.5 0.762415 0.337094
1178000 0.999011 1.17545 -4.91813 5226.6 0.765321 0.338631
1179000 0.999804 1.12488 -4.89962 5244.71 0.762676 0.337759
1180000 1.01062 1.15495 -4.8683 5270.23 0.758997 0.336211
1181000 0.997793 1.12511 -4.88475 5262.67 0.760097 0.336875
1182000 1.00828 1.13587 -4.89206 5255.73 0.761104 0.336316
1183000 0.997634 1.11486 -4.89317 5253.95 0.76137 0.336506
1184000 0.997977 1.10951 -4.90502 5248.43 0.762147 0.337626
1185000 1.00541 1.07794 -4.88508 5268.53 0.759236 0.336771
1186000 1.00238 1.12076 -4.87602 5268.62 0.759227 0.336359
1187000 1.00007 1.04714 -4.87336 5285.74 0.756766 0.33623
1188000 1.00325 1.13259 -4.865 5278.79 0.757782 0.336049
1189000 1.00121 1.04765 -4.82645 5322.87 0.751485 0.333727
1190000 0.999818 1.12434 -4.87464 5267.5 0.759374 0.335885
1191000 1.00385 1.05228 -4.83411 5316.54 0.752373 0.334901
1192000 1.00325 1.04861 -4.8621 5292.76 0.755757 0.335555
1193000 0.996529 1.04638 -4.87612 5281.41 0.757375 0.336313
1194000 1.00576 1.03859 -4.82708 5322.39 0.751553 0.334958
1195000 1.00829 1.01603 -4.82803 5327.66 0.750812 0.334903
1196000 1.00077 1.01048 -4.87744 5285.21 0.756831 0.335601
1197000 0.998529 1.0264 -4.8512 5307.26 0.753697 0.335517
1198000 1.00764 0.997958 -4.81453 5342.21 0.748757 0.334263
1199000 0.993272 1.06316 -4.86267 5287.63 0.756487 0.335594
1200000 1.00238 0.954822 -4.7923 5370.28 0.744873 0.333214
